TIME  IN1  IN2  OUT1
5  0.550537  -3.370972  -0.5
4.99  0.552368  -3.377075  0.5
4.98  0.550537  -3.372192  0.5
4.971  0.545654  -3.366089  0.5
4.961  0.541382  -3.360596  0.5
4.951  0.53833  -3.353882  0.5
4.941  0.531006  -3.344727  0.5
4.932  0.527954  -3.340454  0.5
4.922  0.524292  -3.338013  0.5
4.912  0.521851  -3.334961  0.5
4.902  0.519409  -3.33313  0.5
4.893  0.513916  -3.336182  0.5
4.883  0.512085  -3.334351  0.5
4.873  0.509644  -3.33374  0.5
4.863  0.508423  -3.33252  0.5
4.854  0.506592  -3.33252  0.5
4.844  0.50293  -3.33252  0.5
4.834  0.501709  -3.331299  0.5
4.824  0.500488  -3.331299  0.5
4.814  0.499268  -3.331299  0.5
4.805  0.497437  -3.331909  0.5
4.795  0.495605  -3.330688  0.5
4.785  0.494995  -3.328857  0.5
4.775  0.493164  -3.328247  0.5
4.766  0.492554  -3.325195  0.5
4.756  0.491943  -3.320923  0.5
4.746  0.491333  -3.310547  0.5
4.736  0.496826  -1.085815  0.5
4.727  0.502319  1.517334  0.5
4.717  0.501709  2.315674  0.5
4.707  0.494995  1.056519  0.5
4.697  0.489502  -0.706177  0.5
4.688  0.492554  -0.510864  0.5
4.678  0.494995  0.655518  0.5
4.668  0.494385  1.052856  0.5
4.658  0.491943  0.542603  0.5
4.648  0.489502  -0.222168  0.5
4.639  0.489502  -0.198975  0.5
4.629  0.490723  0.286255  0.5
4.619  0.490723  0.470581  0.5
4.609  0.489502  0.281372  0.5
4.6  0.488281  -0.065308  0.5
4.59  0.488281  -0.076904  0.5
4.58  0.488892  0.147705  0.5
4.57  0.488281  0.247803  0.5
4.561  0.487671  0.125122  0.5
4.551  0.487061  -0.029297  0.5
4.541  0.487671  0.007324  0.5
4.531  0.487671  0.106812  0.5
4.521  0.487061  0.119629  0.5
4.512  0.48645  0.042725  0.5
4.502  0.263672  0.869141  0.5
4.492  -0.557861  3.643799  -0.5
4.482  -0.557251  3.659058  -0.5
4.473  -0.554199  3.651733  -0.5
4.463  -0.550537  3.644409  -0.5
4.453  -0.546265  3.637085  -0.5
4.443  -0.541382  3.629761  -0.5
4.434  -0.535889  3.618774  -0.5
4.424  -0.532227  3.614502  -0.5
4.414  -0.529785  3.61084  -0.5
4.404  -0.527344  3.607178  -0.5
4.395  -0.524902  3.604126  -0.5
4.385  -0.52002  3.601074  -0.5
4.375  -0.518188  3.599243  -0.5
4.365  -0.516357  3.598022  -0.5
4.355  -0.514526  3.598633  -0.5
4.346  -0.513306  3.597412  -0.5
4.336  -0.510254  3.597412  -0.5
4.326  -0.508423  3.598633  -0.5
4.316  -0.507202  3.598633  -0.5
4.307  -0.505981  3.599854  -0.5
4.297  -0.504761  3.602295  -0.5
4.287  -0.50293  3.604736  -0.5
4.277  -0.501709  3.607788  -0.5
4.268  -0.501099  3.609619  -0.5
4.258  -0.500488  3.583374  -0.5
4.248  -0.507812  1.306763  -0.5
4.238  -0.515747  -2.153931  -0.5
4.229  -0.504761  -1.255493  -0.5
4.219  -0.497437  1.091309  -0.5
4.209  -0.497437  1.810303  -0.5
4.199  -0.501709  0.665894  -0.5
4.189  -0.505981  -0.911255  -0.5
4.18  -0.501709  -0.688477  -0.5
4.17  -0.498047  0.383911  -0.5
4.16  -0.496826  0.775757  -0.5
4.15  -0.499268  0.317383  -0.5
4.141  -0.500488  -0.391235  -0.5
4.131  -0.498657  -0.350952  -0.5
4.121  -0.497437  0.12207  -0.5
4.111  -0.496826  0.310669  -0.5
4.102  -0.497437  0.117188  -0.5
4.092  -0.497437  -0.176392  -0.5
4.082  -0.497437  -0.170288  -0.5
4.072  -0.496216  0.0177  -0.5
4.063  -0.495605  0.110474  -0.5
4.053  -0.496216  0.037231  -0.5
4.043  -0.496216  -0.090332  -0.5
4.033  -0.495605  -0.084229  -0.5
4.023  -0.494995  -0.003052  -0.5
4.014  -0.494995  0.039062  -0.5
4.004  -0.308838  -0.701294  -0.5
3.994  0.549927  -3.369751  0.5
3.984  0.552368  -3.377075  0.5
3.975  0.545654  -3.36731  0.5
3.965  0.541992  -3.360596  0.5
3.955  0.53772  -3.355103  0.5
3.945  0.534668  -3.348999  0.5
3.936  0.531006  -3.345337  0.5
3.926  0.524902  -3.337402  0.5
3.916  0.521851  -3.335571  0.5
3.906  0.52002  -3.33313  0.5
3.896  0.516968  -3.33374  0.5
3.887  0.515137  -3.334961  0.5
3.877  0.510254  -3.33374  0.5
3.867  0.508423  -3.33313  0.5
3.857  0.506592  -3.33252  0.5
3.848  0.504761  -3.33252  0.5
3.838  0.50354  -3.331909  0.5
3.828  0.500488  -3.331909  0.5
3.818  0.499268  -3.331909  0.5
3.809  0.498657  -3.330688  0.5
3.799  0.497437  -3.330688  0.5
3.789  0.496216  -3.330078  0.5
3.779  0.494385  -3.327637  0.5
3.77  0.493164  -3.325806  0.5
3.76  0.491943  -3.321533  0.5
3.75  0.491333  -3.312378  0.5
3.74  0.491943  -3.119507  0.5
3.73  0.496826  -1.254272  0.5
3.721  0.501709  2.330322  0.5
3.711  0.496216  1.160278  0.5
3.701  0.490112  -0.598755  0.5
3.691  0.489502  -1.273193  0.5
3.682  0.491943  -0.585938  0.5
3.672  0.494385  1.049805  0.5
3.662  0.492554  0.609741  0.5
3.652  0.489502  -0.158691  0.5
3.643  0.488892  -0.52124  0.5
3.633  0.490112  -0.252075  0.5
3.623  0.491333  0.480957  0.5
3.613  0.490723  0.324707  0.5
3.604  0.488892  -0.010376  0.5
3.594  0.487671  -0.214844  0.5
3.584  0.488281  -0.125122  0.5
3.574  0.488892  0.253296  0.5
3.564  0.488281  0.151978  0.5
3.555  0.488281  -0.002441  0.5
3.545  0.48645  -0.073242  0.5
3.535  0.487671  -0.032349  0.5
3.525  0.488281  0.126953  0.5
3.516  0.48645  0.093384  0.5
3.506  0.336304  0.650635  0.5
3.496  -0.557861  3.640747  -0.5
3.486  -0.559082  3.659668  -0.5
3.477  -0.557251  3.659058  -0.5
3.467  -0.550537  3.644409  -0.5
3.457  -0.546265  3.636475  -0.5
3.447  -0.541992  3.629761  -0.5
3.438  -0.53833  3.625488  -0.5
3.428  -0.535889  3.618774  -0.5
3.418  -0.530396  3.610229  -0.5
3.408  -0.527344  3.607178  -0.5
3.398  -0.524902  3.604736  -0.5
3.389  -0.522461  3.602295  -0.5
3.379  -0.52063  3.600464  -0.5
3.369  -0.516357  3.598022  -0.5
3.359  -0.514526  3.598633  -0.5
3.35  -0.512695  3.597412  -0.5
3.34  -0.511475  3.596802  -0.5
3.33  -0.510254  3.597412  -0.5
3.32  -0.507202  3.598633  -0.5
3.311  -0.505981  3.600464  -0.5
3.301  -0.504761  3.601685  -0.5
3.291  -0.50415  3.602905  -0.5
3.281  -0.50293  3.604736  -0.5
3.271  -0.501099  3.610229  -0.5
3.262  -0.500488  3.603516  -0.5
3.252  -0.507202  1.553345  -0.5
3.242  -0.515747  -1.984863  -0.5
3.232  -0.513916  -3.0896  -0.5
3.223  -0.505371  -1.419067  -0.5
3.213  -0.497437  1.807251  -0.5
3.203  -0.501099  0.759888  -0.5
3.193  -0.505371  -0.809937  -0.5
3.184  -0.505371  -1.396484  -0.5
3.174  -0.501709  -0.738525  -0.5
3.164  -0.497437  0.751953  -0.5
3.154  -0.499268  0.345459  -0.5
3.145  -0.500488  -0.348511  -0.5
3.135  -0.500488  -0.654907  -0.5
3.125  -0.498047  -0.383301  -0.5
3.115  -0.496826  0.331421  -0.5
3.105  -0.498047  0.147095  -0.5
3.096  -0.498657  -0.180664  -0.5
3.086  -0.498047  -0.322266  -0.5
3.076  -0.496826  -0.200806  -0.5
3.066  -0.495605  0.132446  -0.5
3.057  -0.496216  0.053101  -0.5
3.047  -0.496826  -0.08728  -0.5
3.037  -0.496216  -0.148926  -0.5
3.027  -0.495605  -0.105591  -0.5
3.018  -0.495605  -0.016479  -0.5
3.008  -0.380859  -0.450439  -0.5
2.998  0.549927  -3.36731  0.5
2.988  0.552368  -3.377075  0.5
2.979  0.550537  -3.372803  0.5
2.969  0.546265  -3.36731  0.5
2.959  0.53833  -3.354492  0.5
2.949  0.534058  -3.349609  0.5
2.939  0.531616  -3.344727  0.5
2.93  0.527954  -3.341064  0.5
2.92  0.525513  -3.337402  0.5
2.91  0.52002  -3.33374  0.5
2.9  0.516968  -3.334351  0.5
2.891  0.515137  -3.335571  0.5
2.881  0.512695  -3.334351  0.5
2.871  0.510254  -3.33374  0.5
2.861  0.507202  -3.33252  0.5
2.852  0.504761  -3.33252  0.5
2.842  0.50354  -3.331909  0.5
2.832  0.502319  -3.331909  0.5
2.822  0.500488  -3.331909  0.5
2.813  0.498657  -3.331299  0.5
2.803  0.497437  -3.331299  0.5
2.793  0.496216  -3.330688  0.5
2.783  0.495605  -3.328857  0.5
2.773  0.493774  -3.327637  0.5
2.764  0.493164  -3.325806  0.5
2.754  0.491943  -3.312988  0.5
2.744  0.491333  -3.167725  0.5
2.734  0.496216  -1.439819  0.5
2.725  0.502319  1.251221  0.5
2.715  0.502319  2.348022  0.5
2.705  0.490723  -0.523071  0.5
2.695  0.488892  -1.297607  0.5
2.686  0.492554  -0.650635  0.5
2.676  0.495605  0.540771  0.5
2.666  0.494995  1.080933  0.5
2.656  0.489502  -0.152588  0.5
2.646  0.488281  -0.553589  0.5
2.637  0.490112  -0.298462  0.5
2.627  0.491333  0.246582  0.5
2.617  0.491333  0.515137  0.5
2.607  0.488892  -0.027466  0.5
2.598  0.488281  -0.20874  0.5
2.588  0.488892  -0.115967  0.5
2.578  0.488892  0.117798  0.5
2.568  0.488892  0.233154  0.5
2.559  0.487671  0.015259  0.5
2.549  0.487061  -0.057373  0.5
2.539  0.487671  -0.031128  0.5
2.529  0.487061  0.043945  0.5
2.52  0.487671  0.10498  0.5
2.51  0.487671  0.103149  0.5
2.5  -0.554199  3.639526  0.5
2.49  -0.559692  3.659668  -0.5
2.48  -0.557251  3.659058  -0.5
2.471  -0.554199  3.652954  -0.5
2.461  -0.549927  3.64502  -0.5
2.451  -0.541992  3.630981  -0.5
2.441  -0.53894  3.625488  -0.5
2.432  -0.535278  3.619995  -0.5
2.422  -0.532227  3.615112  -0.5
2.412  -0.529785  3.612061  -0.5
2.402  -0.524902  3.605347  -0.5
2.393  -0.522461  3.602905  -0.5
2.383  -0.52063  3.600464  -0.5
2.373  -0.518188  3.598633  -0.5
2.363  -0.516357  3.598633  -0.5
2.354  -0.512695  3.597412  -0.5
2.344  -0.511475  3.596802  -0.5
2.334  -0.509644  3.598022  -0.5
2.324  -0.507812  3.598022  -0.5
2.314  -0.506592  3.598633  -0.5
2.305  -0.504761  3.602295  -0.5
2.295  -0.50415  3.603516  -0.5
2.285  -0.50293  3.605347  -0.5
2.275  -0.501709  3.607178  -0.5
2.266  -0.500488  3.609619  -0.5
2.256  -0.500488  3.61084  -0.5
2.246  -0.515137  -1.801147  -0.5
2.236  -0.513916  -3.100586  -0.5
2.227  -0.505981  -1.569214  -0.5
2.217  -0.498657  0.821533  -0.5
2.207  -0.496826  1.796265  -0.5
2.197  -0.504761  -0.71228  -0.5
2.188  -0.505371  -1.38855  -0.5
2.178  -0.501709  -0.806274  -0.5
2.168  -0.498657  0.241699  -0.5
2.158  -0.496826  0.734863  -0.5
2.148  -0.500488  -0.287476  -0.5
2.139  -0.500488  -0.628052  -0.5
2.129  -0.498657  -0.413818  -0.5
2.119  -0.496826  0.050659  -0.5
2.109  -0.496216  0.29541  -0.5
2.1  -0.498047  -0.141602  -0.5
2.09  -0.497437  -0.303345  -0.5
2.08  -0.496216  -0.202637  -0.5
2.07  -0.495605  0.01709  -0.5
2.061  -0.495605  0.12085  -0.5
2.051  -0.495605  -0.079956  -0.5
2.041  -0.495605  -0.131836  -0.5
2.031  -0.495605  -0.08667  -0.5
2.021  -0.494995  -0.004883  -0.5
2.012  -0.494995  0.022583  -0.5
2.002  -0.441284  -0.257568  -0.5
1.992  0.552979  -3.377075  0.5
1.982  0.551758  -3.372803  0.5
1.973  0.546875  -3.36731  0.5
1.963  0.542603  -3.361816  0.5
1.953  0.539551  -3.355103  0.5
1.943  0.532227  -3.345337  0.5
1.934  0.529175  -3.341675  0.5
1.924  0.525513  -3.338013  0.5
1.914  0.523071  -3.335571  0.5
1.904  0.52063  -3.33313  0.5
1.895  0.515747  -3.334961  0.5
1.885  0.512695  -3.334961  0.5
1.875  0.510864  -3.33374  0.5
1.865  0.508423  -3.33313  0.5
1.855  0.507202  -3.33252  0.5
1.846  0.50354  -3.331909  0.5
1.836  0.501709  -3.331909  0.5
1.826  0.501099  -3.33252  0.5
1.816  0.499878  -3.331299  0.5
1.807  0.498657  -3.331299  0.5
1.797  0.496826  -3.330688  0.5
1.787  0.495605  -3.328857  0.5
1.777  0.493774  -3.328247  0.5
1.768  0.493164  -3.325195  0.5
1.758  0.492554  -3.321533  0.5
1.748  0.491333  -3.314209  0.5
1.738  0.495605  -1.617432  0.5
1.729  0.501709  1.095581  0.5
1.719  0.50293  2.357178  0.5
1.709  0.496826  1.395264  0.5
1.699  0.491333  -0.426025  0.5
1.689  0.491943  -0.717773  0.5
1.68  0.494385  0.455322  0.5
1.67  0.494995  1.057739  0.5
1.66  0.492554  0.689087  0.5
1.65  0.489502  -0.095825  0.5
1.641  0.490112  -0.313721  0.5
1.631  0.491333  0.212402  0.5
1.621  0.491333  0.499268  0.5
1.611  0.489502  0.341797  0.5
1.602  0.489502  -0.022583  0.5
1.592  0.488892  -0.115356  0.5
1.582  0.489502  0.130615  0.5
1.572  0.488892  0.248413  0.5
1.563  0.488281  0.158691  0.5
1.553  0.487671  -0.005493  0.5
1.543  0.487671  -0.023804  0.5
1.533  0.487671  0.063477  0.5
1.523  0.487671  0.108032  0.5
1.514  0.48645  0.084839  0.5
1.504  0.454712  0.145874  0.5
1.494  -0.531006  3.638306  -0.5
1.484  -0.557251  3.659668  -0.5
1.475  -0.554199  3.654175  -0.5
1.465  -0.550537  3.64563  -0.5
1.455  -0.546265  3.638306  -0.5
1.445  -0.541992  3.632202  -0.5
1.436  -0.535889  3.619995  -0.5
1.426  -0.532837  3.615723  -0.5
1.416  -0.529785  3.612061  -0.5
1.406  -0.527344  3.607788  -0.5
1.396  -0.524902  3.605347  -0.5
1.387  -0.52124  3.600464  -0.5
1.377  -0.518188  3.598633  -0.5
1.367  -0.516357  3.599243  -0.5
1.357  -0.514526  3.598022  -0.5
1.348  -0.512695  3.597412  -0.5
1.338  -0.510254  3.597412  -0.5
1.328  -0.508423  3.598022  -0.5
1.318  -0.506592  3.599243  -0.5
1.309  -0.505981  3.600464  -0.5
1.299  -0.504761  3.601685  -0.5
1.289  -0.50354  3.603516  -0.5
1.279  -0.501709  3.607178  -0.5
1.27  -0.501099  3.609009  -0.5
1.26  -0.500488  3.61145  -0.5
1.25  -0.504761  2.064209  -0.5
1.24  -0.513916  -1.578369  -0.5
1.23  -0.506592  -1.737671  -0.5
1.221  -0.498657  0.665283  -0.5
1.211  -0.496826  1.780396  -0.5
1.201  -0.500488  0.964966  -0.5
1.191  -0.50415  -0.605469  -0.5
1.182  -0.502319  -0.876465  -0.5
1.172  -0.498657  0.180664  -0.5
1.162  -0.496826  0.737305  -0.5
1.152  -0.498657  0.426636  -0.5
1.143  -0.500488  -0.256958  -0.5
1.133  -0.499268  -0.449219  -0.5
1.123  -0.496826  0.023804  -0.5
1.113  -0.496216  0.306396  -0.5
1.104  -0.496826  0.199585  -0.5
1.094  -0.497437  -0.115967  -0.5
1.084  -0.496826  -0.22644  -0.5
1.074  -0.496216  -0.004883  -0.5
1.064  -0.495605  0.12207  -0.5
1.055  -0.496216  0.071411  -0.5
1.045  -0.496216  -0.068359  -0.5
1.035  -0.495605  -0.142822  -0.5
1.025  -0.495605  -0.021973  -0.5
1.016  -0.495605  0.031128  -0.5
1.006  -0.479126  -0.022583  -0.5
996.094  0.50293  -3.33313  0.5
986.328  0.552368  -3.377686  0.5
976.563  0.546875  -3.36792  0.5
966.797  0.542603  -3.362427  0.5
957.031  0.53894  -3.355103  0.5
947.266  0.534668  -3.35022  0.5
937.5  0.532227  -3.345337  0.5
927.734  0.525513  -3.338013  0.5
917.969  0.522461  -3.336182  0.5
908.203  0.52063  -3.33374  0.5
898.438  0.517578  -3.33313  0.5
888.672  0.515137  -3.334961  0.5
878.906  0.510864  -3.33374  0.5
869.141  0.509033  -3.33313  0.5
859.375  0.507812  -3.331909  0.5
849.609  0.505981  -3.331299  0.5
839.844  0.50354  -3.33252  0.5
830.078  0.501099  -3.331299  0.5
820.313  0.499878  -3.331299  0.5
810.547  0.499268  -3.330078  0.5
800.781  0.497437  -3.330688  0.5
791.016  0.496216  -3.330078  0.5
781.25  0.494995  -3.329468  0.5
771.484  0.493164  -3.326416  0.5
761.719  0.492554  -3.322144  0.5
751.953  0.491943  -3.314819  0.5
742.188  0.491333  -3.233032  0.5
732.422  0.495605  -1.80603  0.5
722.656  0.50354  2.342529  0.5
712.891  0.498047  1.524658  0.5
703.125  0.490723  -0.293579  0.5
693.359  0.490112  -1.287231  0.5
683.594  0.491943  -0.792847  0.5
673.828  0.495605  1.053467  0.5
664.063  0.493164  0.750122  0.5
654.297  0.490112  -0.045166  0.5
644.531  0.489502  -0.510864  0.5
634.766  0.490112  -0.336304  0.5
625  0.491333  0.469971  0.5
615.234  0.490723  0.369873  0.5
605.469  0.489502  0.050659  0.5
595.703  0.488281  -0.202637  0.5
585.938  0.488281  -0.161133  0.5
576.172  0.488892  0.233765  0.5
566.406  0.488892  0.211182  0.5
556.641  0.487671  0.058594  0.5
546.875  0.487671  -0.091553  0.5
537.109  0.487671  -0.063477  0.5
527.344  0.487671  0.042725  0.5
517.578  0.487671  0.106812  0.5
507.813  0.481567  0.058594  0.5
498.047  -0.484619  3.508911  -0.5
488.281  -0.559082  3.659058  -0.5
478.516  -0.557861  3.660278  -0.5
468.75  -0.551147  3.64624  -0.5
458.984  -0.546875  3.638916  -0.5
449.219  -0.542603  3.632812  -0.5
439.453  -0.539551  3.626099  -0.5
429.688  -0.536499  3.619995  -0.5
419.922  -0.529785  3.61145  -0.5
410.156  -0.527344  3.608398  -0.5
400.391  -0.524902  3.605347  -0.5
390.625  -0.522461  3.603516  -0.5
380.859  -0.52063  3.600464  -0.5
371.094  -0.516357  3.599243  -0.5
361.328  -0.515137  3.598022  -0.5
351.563  -0.513306  3.597412  -0.5
341.797  -0.511475  3.598633  -0.5
332.031  -0.509644  3.598022  -0.5
322.266  -0.507202  3.599854  -0.5
312.5  -0.505981  3.599854  -0.5
302.734  -0.504761  3.601685  -0.5
292.969  -0.50354  3.603516  -0.5
283.203  -0.50293  3.605957  -0.5
273.438  -0.501709  3.607788  -0.5
263.672  -0.500488  3.612671  -0.5
253.906  -0.50415  2.29126  -0.5
244.141  -0.513916  -1.376953  -0.5
234.375  -0.514526  -3.112183  -0.5
224.609  -0.507202  -1.915283  -0.5
214.844  -0.496826  1.801758  -0.5
205.078  -0.499878  1.090698  -0.5
195.313  -0.504761  -0.529175  -0.5
185.547  -0.505371  -1.392212  -0.5
175.781  -0.502319  -0.935059  -0.5
166.016  -0.497437  0.730591  -0.5
156.25  -0.498657  0.444336  -0.5
146.484  -0.500488  -0.24292  -0.5
136.719  -0.499878  -0.621948  -0.5
126.953  -0.498657  -0.427856  -0.5
117.188  -0.496216  0.288086  -0.5
107.422  -0.496216  0.180664  -0.5
97.656  -0.497437  -0.10376  -0.5
87.891  -0.498047  -0.290527  -0.5
78.125  -0.497437  -0.231934  -0.5
68.359  -0.495605  0.110474  -0.5
58.594  -0.496216  0.090332  -0.5
48.828  -0.496216  -0.043945  -0.5
39.063  -0.496216  -0.140991  -0.5
29.297  -0.495605  -0.125122  -0.5
19.531  -0.495605  -0.031738  -0.5
9.766  -0.494385  0.028687  -0.5
0  0.446777  -3.14209  -0.5
-9.766  0.552368  -3.377075  0.5
-19.531  0.552368  -3.372803  0.5
-29.297  0.547485  -3.369141  0.5
-39.063  0.53894  -3.355713  0.5
-48.828  0.535889  -3.35022  0.5
-58.594  0.532837  -3.345337  0.5
-68.359  0.529175  -3.341064  0.5
-78.125  0.526123  -3.338013  0.5
-87.891  0.52063  -3.33374  0.5
-97.656  0.518188  -3.33313  0.5
-107.422  0.515747  -3.335571  0.5
-117.188  0.513306  -3.334351  0.5
-126.953  0.511475  -3.33313  0.5
-136.719  0.507812  -3.331909  0.5
-146.484  0.505981  -3.33252  0.5
-156.25  0.50415  -3.331299  0.5
-166.016  0.502319  -3.331299  0.5
-175.781  0.501099  -3.330688  0.5
-185.547  0.498657  -3.330688  0.5
-195.313  0.497437  -3.330688  0.5
-205.078  0.496826  -3.330078  0.5
-214.844  0.494995  -3.330078  0.5
-224.609  0.494385  -3.327637  0.5
-234.375  0.493164  -3.326416  0.5
-244.141  0.491943  -3.31543  0.5
-253.906  0.491333  -3.258667  0.5
-263.672  0.495605  -1.97998  0.5
-273.438  0.501709  0.750732  0.5
-283.203  0.50293  2.332764  0.5
-292.969  0.491943  -0.185547  0.5
-302.734  0.488892  -1.263428  0.5
-312.5  0.491333  -0.874634  0.5
-322.266  0.494995  0.301514  0.5
-332.031  0.495605  1.056519  0.5
-341.797  0.490112  -0.006104  0.5
-351.563  0.488892  -0.52124  0.5
-361.328  0.490112  -0.361328  0.5
-371.094  0.490723  0.164185  0.5
-380.859  0.490723  0.46875  0.5
-390.625  0.488892  0.040894  0.5
-400.391  0.487671  -0.184326  0.5
-410.156  0.489502  -0.135498  0.5
-419.922  0.488892  0.093994  0.5
-429.688  0.488892  0.224609  0.5
-439.453  0.488281  0.182495  0.5
-449.219  0.487671  -0.057983  0.5
-458.984  0.487671  -0.028687  0.5
-468.75  0.487671  0.054321  0.5
-478.516  0.487671  0.097046  0.5
-488.281  0.487671  0.079346  0.5
-498.047  -0.41687  3.261719  0.5
-507.813  -0.559082  3.657837  -0.5
-517.578  -0.557861  3.661499  -0.5
-527.344  -0.55481  3.654175  -0.5
-537.109  -0.551147  3.64624  -0.5
-546.875  -0.542603  3.633423  -0.5
-556.641  -0.53894  3.626709  -0.5
-566.406  -0.536499  3.620605  -0.5
-576.172  -0.532837  3.616943  -0.5
-585.938  -0.529785  3.612671  -0.5
-595.703  -0.525513  3.605957  -0.5
-605.469  -0.522461  3.602905  -0.5
-615.234  -0.52002  3.601074  -0.5
-625  -0.518188  3.599854  -0.5
-634.766  -0.516357  3.598633  -0.5
-644.531  -0.512695  3.598022  -0.5
-654.297  -0.511475  3.598633  -0.5
-664.063  -0.509644  3.598633  -0.5
-673.828  -0.508423  3.598022  -0.5
-683.594  -0.506592  3.599854  -0.5
-693.359  -0.505371  3.601074  -0.5
-703.125  -0.50354  3.604126  -0.5
-712.891  -0.50293  3.605347  -0.5
-722.656  -0.501709  3.607178  -0.5
-732.422  -0.501099  3.609619  -0.5
-742.188  -0.499878  3.612061  -0.5
-751.953  -0.513306  -1.124878  -0.5
-761.719  -0.515137  -3.096313  -0.5
-771.484  -0.507202  -2.086792  -0.5
-781.25  -0.499268  0.368042  -0.5
-791.016  -0.496216  1.792603  -0.5
-800.781  -0.50415  -0.427246  -0.5
-810.547  -0.505371  -1.386719  -0.5
-820.313  -0.502319  -1.019897  -0.5
-830.078  -0.498657  0.057983  -0.5
-839.844  -0.496826  0.736084  -0.5
-849.609  -0.499878  -0.19043  -0.5
-859.375  -0.499878  -0.634766  -0.5
-869.141  -0.499268  -0.48584  -0.5
-878.906  -0.497437  -0.015869  -0.5
-888.672  -0.496826  0.288086  -0.5
-898.438  -0.497437  -0.078735  -0.5
-908.203  -0.497437  -0.281372  -0.5
-917.969  -0.497437  -0.234375  -0.5
-927.734  -0.495605  -0.045776  -0.5
-937.5  -0.495605  0.093994  -0.5
-947.266  -0.496216  0.076904  -0.5
-957.031  -0.495605  -0.132446  -0.5
-966.797  -0.494995  -0.112915  -0.5
-976.563  -0.494385  -0.030518  -0.5
-986.328  -0.494385  0.026245  -0.5
-996.094  -0.494385  0.018921  -0.5
-1.006  0.552368  -3.377686  0.5
-1.016  0.552979  -3.373413  0.5
-1.025  0.548096  -3.36853  0.5
-1.035  0.544434  -3.361816  0.5
-1.045  0.540161  -3.356323  0.5
-1.055  0.532837  -3.345947  0.5
-1.064  0.529785  -3.341675  0.5
-1.074  0.526123  -3.338013  0.5
-1.084  0.523682  -3.336182  0.5
-1.094  0.52124  -3.33374  0.5
-1.104  0.515747  -3.334961  0.5
-1.113  0.513916  -3.334351  0.5
-1.123  0.511475  -3.33313  0.5
-1.133  0.509644  -3.33252  0.5
-1.143  0.507812  -3.33252  0.5
-1.152  0.504761  -3.331299  0.5
-1.162  0.50293  -3.331299  0.5
-1.172  0.501709  -3.331299  0.5
-1.182  0.500488  -3.331299  0.5
-1.191  0.499878  -3.330688  0.5
-1.201  0.498047  -3.330688  0.5
-1.211  0.495605  -3.329468  0.5
-1.221  0.494995  -3.327637  0.5
-1.23  0.493774  -3.325806  0.5
-1.24  0.493164  -3.322144  0.5
-1.25  0.491943  -3.31543  0.5
-1.26  0.494385  -2.129517  0.5
-1.27  0.501709  0.57312  0.5
-1.279  0.50354  2.288818  0.5
-1.289  0.498657  1.727905  0.5
-1.299  0.491943  -0.068359  0.5
-1.309  0.491333  -0.932007  0.5
-1.318  0.494995  0.213623  0.5
-1.328  0.496216  1.033325  0.5
-1.338  0.493774  0.855713  0.5
-1.348  0.490723  0.053101  0.5
-1.357  0.490112  -0.404053  0.5
-1.367  0.491333  0.112915  0.5
-1.377  0.491943  0.488892  0.5
-1.387  0.490723  0.407104  0.5
-1.396  0.489502  0.048218  0.5
-1.406  0.488892  -0.13855  0.5
-1.416  0.488892  0.067139  0.5
-1.426  0.489502  0.216675  0.5
-1.436  0.488892  0.194092  0.5
-1.445  0.488281  0.046387  0.5
-1.455  0.487671  -0.062866  0.5
-1.465  0.487671  0.0354  0.5
-1.475  0.488892  0.108032  0.5
-1.484  0.487061  0.110474  0.5
-1.494  0.487671  0.031128  0.5
-1.504  -0.344849  3.007812  -0.5
-1.514  -0.557861  3.662109  -0.5
-1.523  -0.55481  3.656006  -0.5
-1.533  -0.551147  3.648071  -0.5
-1.543  -0.547485  3.640747  -0.5
-1.553  -0.542603  3.633423  -0.5
-1.563  -0.536499  3.621826  -0.5
-1.572  -0.533447  3.616943  -0.5
-1.582  -0.530396  3.613281  -0.5
-1.592  -0.527344  3.609009  -0.5
-1.602  -0.525513  3.607178  -0.5
-1.611  -0.52063  3.601074  -0.5
-1.621  -0.518188  3.600464  -0.5
-1.631  -0.515747  3.599243  -0.5
-1.641  -0.514526  3.598022  -0.5
-1.65  -0.512695  3.598633  -0.5
-1.66  -0.510254  3.598022  -0.5
-1.67  -0.508423  3.599243  -0.5
-1.68  -0.506592  3.600464  -0.5
-1.689  -0.505981  3.601074  -0.5
-1.699  -0.504761  3.601685  -0.5
-1.709  -0.50354  3.604126  -0.5
-1.719  -0.501709  3.607178  -0.5
-1.729  -0.501099  3.609619  -0.5
-1.738  -0.500488  3.612061  -0.5
-1.748  -0.50293  2.698364  -0.5
-1.758  -0.512085  -0.915527  -0.5
-1.768  -0.507202  -2.191162  -0.5
-1.777  -0.499268  0.22583  -0.5
-1.787  -0.496826  1.743164  -0.5
-1.797  -0.499268  1.257935  -0.5
-1.807  -0.50354  -0.332642  -0.5
-1.816  -0.50293  -1.065063  -0.5
-1.826  -0.498657  -0.013428  -0.5
-1.836  -0.496826  0.704956  -0.5
-1.846  -0.497437  0.553589  -0.5
-1.855  -0.499268  -0.123291  -0.5
-1.865  -0.498657  -0.510254  -0.5
-1.875  -0.496826  -0.072632  -0.5
-1.885  -0.495605  0.266113  -0.5
-1.895  -0.496826  0.249023  -0.5
-1.904  -0.497437  -0.043945  -0.5
-1.914  -0.496826  -0.259399  -0.5
-1.924  -0.496216  -0.076904  -0.5
-1.934  -0.496216  0.075073  -0.5
-1.943  -0.495605  0.08728  -0.5
-1.953  -0.495605  -0.007324  -0.5
-1.963  -0.495605  -0.100098  -0.5
-1.973  -0.495605  -0.071411  -0.5
-1.982  -0.494995  -0.023804  -0.5
-1.992  -0.494385  0.003662  -0.5
-2.002  0.302124  -2.671509  0.5
-2.012  0.552368  -3.376465  0.5
-2.021  0.548096  -3.36853  0.5
-2.031  0.544434  -3.362427  0.5
-2.041  0.540161  -3.356323  0.5
-2.051  0.536499  -3.35022  0.5
-2.061  0.532837  -3.345947  0.5
-2.07  0.527344  -3.338013  0.5
-2.08  0.524292  -3.335571  0.5
-2.09  0.52124  -3.33313  0.5
-2.1  0.518799  -3.331909  0.5
-2.109  0.516357  -3.334961  0.5
-2.119  0.512085  -3.33313  0.5
-2.129  0.509644  -3.33313  0.5
-2.139  0.507812  -3.33252  0.5
-2.148  0.507202  -3.331909  0.5
-2.158  0.50415  -3.33252  0.5
-2.168  0.50354  -3.330688  0.5
-2.178  0.499878  -3.330688  0.5
-2.188  0.498657  -3.331299  0.5
-2.197  0.498047  -3.330688  0.5
-2.207  0.497437  -3.329468  0.5
-2.217  0.496216  -3.329468  0.5
-2.227  0.493774  -3.326416  0.5
-2.236  0.493164  -3.323364  0.5
-2.246  0.491943  -3.31665  0.5
-2.256  0.491943  -3.283081  0.5
-2.266  0.494995  -2.245483  0.5
-2.275  0.50293  2.242432  0.5
-2.285  0.498657  1.806641  0.5
-2.295  0.491943  0.027466  0.5
-2.305  0.489502  -1.208496  0.5
-2.314  0.491333  -0.977783  0.5
-2.324  0.494995  1.016235  0.5
-2.334  0.493774  0.858154  0.5
-2.344  0.490723  0.078125  0.5
-2.354  0.489502  -0.487061  0.5
-2.363  0.490112  -0.384521  0.5
-2.373  0.491333  0.456543  0.5
-2.383  0.490723  0.383911  0.5
-2.393  0.489502  0.071411  0.5
-2.402  0.488892  -0.175781  0.5
-2.412  0.488892  -0.146484  0.5
-2.422  0.490112  0.064087  0.5
-2.432  0.488281  0.187988  0.5
-2.441  0.488281  0.024414  0.5
-2.451  0.488281  -0.065308  0.5
-2.461  0.488281  -0.028687  0.5
-2.471  0.487671  0.047607  0.5
-2.48  0.488281  0.08728  0.5
-2.49  0.487671  0.042114  0.5
-2.5  -0.272217  2.76001  0.5
-2.51  -0.558472  3.657227  -0.5
-2.52  -0.557861  3.662109  -0.5
-2.529  -0.551147  3.647461  -0.5
-2.539  -0.547485  3.641357  -0.5
-2.549  -0.543213  3.633423  -0.5
-2.559  -0.539551  3.627319  -0.5
-2.568  -0.536499  3.622437  -0.5
-2.578  -0.530396  3.612671  -0.5
-2.588  -0.527344  3.609619  -0.5
-2.598  -0.525513  3.605957  -0.5
-2.607  -0.522461  3.603516  -0.5
-2.617  -0.52063  3.601074  -0.5
-2.627  -0.516357  3.599243  -0.5
-2.637  -0.514526  3.598022  -0.5
-2.646  -0.512695  3.598633  -0.5
-2.656  -0.511475  3.598022  -0.5
-2.666  -0.510254  3.597412  -0.5
-2.676  -0.508423  3.598633  -0.5
-2.686  -0.505981  3.600464  -0.5
-2.695  -0.505371  3.601685  -0.5
-2.705  -0.50354  3.603516  -0.5
-2.715  -0.502319  3.605347  -0.5
-2.725  -0.501709  3.606567  -0.5
-2.734  -0.499878  3.61145  -0.5
-2.744  -0.502319  2.886963  -0.5
-2.754  -0.512085  -0.655518  -0.5
-2.764  -0.515137  -3.015747  -0.5
-2.773  -0.508423  -2.354736  -0.5
-2.783  -0.496826  1.708984  -0.5
-2.793  -0.499268  1.356812  -0.5
-2.803  -0.50354  -0.203857  -0.5
-2.813  -0.505371  -1.307373  -0.5
-2.822  -0.50293  -1.114502  -0.5
-2.832  -0.496826  0.667114  -0.5
-2.842  -0.497437  0.570679  -0.5
-2.852  -0.499878  -0.079346  -0.5
-2.861  -0.499878  -0.575562  -0.5
-2.871  -0.498657  -0.515747  -0.5
-2.881  -0.496826  0.252686  -0.5
-2.891  -0.496826  0.223389  -0.5
-2.9  -0.497437  -0.058594  -0.5
-2.91  -0.498047  -0.265503  -0.5
-2.92  -0.496826  -0.235596  -0.5
-2.93  -0.496216  -0.055542  -0.5
-2.939  -0.495605  0.083008  -0.5
-2.949  -0.495605  -0.029907  -0.5
-2.959  -0.496216  -0.129395  -0.5
-2.969  -0.495605  -0.12085  -0.5
-2.979  -0.494995  -0.025635  -0.5
-2.988  -0.494995  0.025635  -0.5
-2.998  0.228882  -2.442627  -0.5
-3.008  0.551758  -3.377075  0.5
-3.018  0.552368  -3.374634  0.5
-3.027  0.549316  -3.369141  0.5
-3.037  0.540771  -3.356323  0.5
-3.047  0.536499  -3.35083  0.5
-3.057  0.533447  -3.345947  0.5
-3.066  0.530396  -3.341675  0.5
-3.076  0.526733  -3.338013  0.5
-3.086  0.52124  -3.33374  0.5
-3.096  0.518799  -3.331909  0.5
-3.105  0.515747  -3.334961  0.5
-3.115  0.513916  -3.33374  0.5
-3.125  0.511475  -3.33313  0.5
-3.135  0.507812  -3.331909  0.5
-3.145  0.506592  -3.331909  0.5
-3.154  0.50415  -3.331299  0.5
-3.164  0.50293  -3.330688  0.5
-3.174  0.501099  -3.330688  0.5
-3.184  0.499878  -3.331299  0.5
-3.193  0.498047  -3.330688  0.5
-3.203  0.497437  -3.330078  0.5
-3.213  0.496826  -3.328247  0.5
-3.223  0.494995  -3.328247  0.5
-3.232  0.493774  -3.326416  0.5
-3.242  0.492554  -3.31604  0.5
-3.252  0.491333  -3.294678  0.5
-3.262  0.494385  -2.420654  0.5
-3.271  0.500488  0.200806  0.5
-3.281  0.50354  2.164307  0.5
-3.291  0.493164  0.178833  0.5
-3.301  0.489502  -1.14563  0.5
-3.311  0.491333  -1.051636  0.5
-3.32  0.494385  0.046387  0.5
-3.33  0.496216  0.969849  0.5
-3.34  0.491333  0.171509  0.5
-3.35  0.489502  -0.441895  0.5
-3.359  0.490112  -0.452271  0.5
-3.369  0.491943  0.031738  0.5
-3.379  0.491943  0.447998  0.5
-3.389  0.489502  0.107422  0.5
-3.398  0.489502  -0.165405  0.5
-3.408  0.489502  -0.182495  0.5
-3.418  0.489502  0.031128  0.5
-3.428  0.488892  0.205688  0.5
-3.438  0.489502  0.202637  0.5
-3.447  0.488281  -0.019531  0.5
-3.457  0.487671  -0.05249  0.5
-3.467  0.488281  0.014648  0.5
-3.477  0.487671  0.091553  0.5
-3.486  0.487671  0.103149  0.5
-3.496  -0.199585  2.504883  0.5
-3.506  -0.559082  3.655396  -0.5
-3.516  -0.557861  3.661499  -0.5
-3.525  -0.55481  3.656616  -0.5
-3.535  -0.551147  3.648682  -0.5
-3.545  -0.543213  3.634644  -0.5
-3.555  -0.539551  3.62793  -0.5
-3.564  -0.536499  3.623047  -0.5
-3.574  -0.534058  3.617554  -0.5
-3.584  -0.530396  3.613281  -0.5
-3.594  -0.525513  3.606567  -0.5
-3.604  -0.523071  3.603516  -0.5
-3.613  -0.52063  3.601685  -0.5
-3.623  -0.518188  3.600464  -0.5
-3.633  -0.516357  3.599243  -0.5
-3.643  -0.512695  3.598633  -0.5
-3.652  -0.511475  3.598633  -0.5
-3.662  -0.510254  3.598022  -0.5
-3.672  -0.508423  3.599243  -0.5
-3.682  -0.507202  3.599854  -0.5
-3.691  -0.505981  3.600464  -0.5
-3.701  -0.50354  3.603516  -0.5
-3.711  -0.502319  3.604736  -0.5
-3.721  -0.501709  3.607178  -0.5
-3.73  -0.501099  3.609619  -0.5
-3.74  -0.499878  3.61145  -0.5
-3.75  -0.511475  -0.413208  -0.5
-3.76  -0.515137  -2.943115  -0.5
-3.77  -0.509033  -2.470093  -0.5
-3.779  -0.500488  -0.109863  -0.5
-3.789  -0.496216  1.646729  -0.5
-3.799  -0.50293  -0.092163  -0.5
-3.809  -0.505371  -1.264648  -0.5
-3.818  -0.50354  -1.177368  -0.5
-3.828  -0.499268  -0.185547  -0.5
-3.838  -0.496826  0.640259  -0.5
-3.848  -0.499268  -0.009155  -0.5
-3.857  -0.499878  -0.559692  -0.5
-3.867  -0.499268  -0.562134  -0.5
-3.877  -0.496826  -0.132446  -0.5
-3.887  -0.496216  0.252075  -0.5
-3.896  -0.496216  0.253296  -0.5
-3.906  -0.497437  -0.263062  -0.5
-3.916  -0.496826  -0.251465  -0.5
-3.926  -0.496216  -0.068359  -0.5
-3.936  -0.495605  0.090332  -0.5
-3.945  -0.495605  0.092163  -0.5
-3.955  -0.495605  -0.123291  -0.5
-3.965  -0.495605  -0.118408  -0.5
-3.975  -0.495605  -0.056763  -0.5
-3.984  -0.494995  0.005493  -0.5
-3.994  -0.494995  0.018921  -0.5
-4.004  0.551758  -3.377075  0.5
-4.014  0.552368  -3.375244  0.5
-4.023  0.549316  -3.369141  0.5
-4.033  0.545044  -3.362427  0.5
-4.043  0.540771  -3.356934  0.5
-4.053  0.533447  -3.346558  0.5
-4.063  0.531006  -3.341675  0.5
-4.072  0.527344  -3.338623  0.5
-4.082  0.524292  -3.335571  0.5
-4.092  0.52124  -3.33374  0.5
-4.102  0.516357  -3.334961  0.5
-4.111  0.515137  -3.33374  0.5
-4.121  0.511475  -3.33374  0.5
-4.131  0.509644  -3.33252  0.5
-4.141  0.508423  -3.331909  0.5
-4.15  0.506592  -3.331909  0.5
-4.16  0.50293  -3.331299  0.5
-4.17  0.502319  -3.330688  0.5
-4.18  0.501099  -3.331299  0.5
-4.189  0.499268  -3.330688  0.5
-4.199  0.498047  -3.330688  0.5
-4.209  0.496216  -3.329468  0.5
-4.219  0.494995  -3.328247  0.5
-4.229  0.494385  -3.326416  0.5
-4.238  0.493164  -3.323364  0.5
-4.248  0.491943  -3.317871  0.5
-4.258  0.493774  -2.545776  0.5
-4.268  0.499878  0.004883  0.5
-4.277  0.50354  2.10144  0.5
-4.287  0.500488  2.03064  0.5
-4.297  0.493164  0.339966  0.5
-4.307  0.490723  -1.123047  0.5
-4.316  0.494385  -0.043335  0.5
-4.326  0.496216  0.927734  0.5
-4.336  0.493774  0.957642  0.5
-4.346  0.491333  0.236206  0.5
-4.355  0.489502  -0.460205  0.5
-4.365  0.491333  -0.011597  0.5
-4.375  0.491333  0.426636  0.5
-4.385  0.490723  0.43396  0.5
-4.395  0.489502  0.133057  0.5
-4.404  0.489502  -0.140991  0.5
-4.414  0.488892  0.015259  0.5
-4.424  0.489502  0.183105  0.5
-4.434  0.488892  0.194702  0.5
-4.443  0.488281  0.096436  0.5
-4.453  0.487671  -0.028687  0.5
-4.463  0.488281  -0.012207  0.5
-4.473  0.488281  0.092163  0.5
-4.482  0.488281  0.120239  0.5
-4.492  0.487671  0.072632  0.5
-4.502  -0.127563  2.25708  -0.5
-4.512  -0.558472  3.662109  -0.5
-4.521  -0.55603  3.656616  -0.5
-4.531  -0.551758  3.649902  -0.5
-4.541  -0.548096  3.641968  -0.5
-4.551  -0.543823  3.634644  -0.5
-4.561  -0.536499  3.623047  -0.5
-4.57  -0.533447  3.617554  -0.5
-4.58  -0.531006  3.613281  -0.5
-4.59  -0.528564  3.610229  -0.5
-4.6  -0.526123  3.606567  -0.5
-4.609  -0.52124  3.602295  -0.5
-4.619  -0.518799  3.600464  -0.5
-4.629  -0.516357  3.599243  -0.5
-4.639  -0.514526  3.598633  -0.5
-4.648  -0.513306  3.598022  -0.5
-4.658  -0.511475  3.598022  -0.5
-4.668  -0.509033  3.599243  -0.5
-4.678  -0.507202  3.599243  -0.5
-4.688  -0.506592  3.600464  -0.5
-4.697  -0.504761  3.602905  -0.5
-4.707  -0.50354  3.603516  -0.5
-4.717  -0.502319  3.607178  -0.5
-4.727  -0.501709  3.609009  -0.5
-4.736  -0.501099  3.61084  -0.5
-4.746  -0.501709  3.152466  -0.5
-4.756  -0.510864  -0.187988  -0.5
-4.766  -0.509644  -2.562256  -0.5
-4.775  -0.501099  -0.252075  -0.5
-4.785  -0.496826  1.604614  -0.5
-4.795  -0.498047  1.486206  -0.5
-4.805  -0.50354  -0.015869  -0.5
-4.814  -0.50354  -1.209717  -0.5
-4.824  -0.499268  -0.218506  -0.5
-4.834  -0.496826  0.634766  -0.5
-4.844  -0.497437  0.633545  -0.5
-4.854  -0.499268  0.001831  -0.5
-4.863  -0.499268  -0.558472  -0.5
-4.873  -0.497437  -0.147705  -0.5
-4.883  -0.496216  0.24231  -0.5
-4.893  -0.496826  0.264282  -0.5
-4.902  -0.497437  -0.014038  -0.5
-4.912  -0.497437  -0.266113  -0.5
-4.922  -0.496216  -0.085449  -0.5
-4.932  -0.495605  0.090332  -0.5
-4.941  -0.495605  0.106201  -0.5
-4.951  -0.496216  -0.012207  -0.5
-4.961  -0.496216  -0.115967  -0.5
-4.971  -0.495605  -0.060425  -0.5
-4.98  -0.494995  0.012207  -0.5
-4.99  -0.494995  0.036011  -0.5
