1.000000000000000000e+00 -7.019894278181337199e+01
4.166762500000000000e+04 4.335041390229646652e+01
8.333425000000000000e+04 4.322649998009100614e+01
1.250008750000000000e+05 4.321403260336673213e+01
1.666675000000000000e+05 4.201203228193772077e+01
2.083341250000000000e+05 4.155710574321059170e+01
2.500007500000000000e+05 4.135482649844190917e+01
2.916673750000000000e+05 3.904135536673611284e+01
3.333340000000000000e+05 3.712261496029335461e+01
3.750006250000000000e+05 3.613936846186565077e+01
4.166672500000000000e+05 3.498605261075697825e+01
4.583338750000000000e+05 3.493455882028787585e+01
5.000005000000000000e+05 3.493062344829753840e+01
5.416671250000000000e+05 3.526290314279752636e+01
5.833337500000000000e+05 2.550376042738285420e+01
6.250003750000000000e+05 2.413944416171582219e+01
6.666670000000000000e+05 2.289332505404338036e+01
7.083336250000000000e+05 2.171311263039623540e+01
7.500002500000000000e+05 2.059489382503293697e+01
7.916668750000000000e+05 1.955015545127648480e+01
8.333335000000000000e+05 1.852448595815076615e+01
8.750001250000000000e+05 1.759378186095368690e+01
9.166667500000000000e+05 1.664782834217707119e+01
9.583333750000000000e+05 1.580437967414310663e+01
1.000000000000000000e+06 1.503151326445803093e+01
