1.000000000000000000e+06 1.500036928765813471e+01
3.041666666666666977e+06 -4.083581387204105795e+00
5.083333333333333954e+06 -1.177168949844319634e+01
7.125000000000000000e+06 -1.841763295083994478e+01
9.166666666666667908e+06 -2.355520766696196944e+01
1.120833333333333395e+07 -2.496563907149219119e+01
1.325000000000000000e+07 -2.233485985814056107e+01
1.529166666666666791e+07 -2.301298488310269974e+01
1.733333333333333582e+07 -2.668069057884051176e+01
1.937500000000000000e+07 -3.166394016752861162e+01
2.141666666666666791e+07 -3.583682327975502346e+01
2.345833333333333582e+07 -3.779599413903951444e+01
2.550000000000000000e+07 -3.855467536829164032e+01
2.754166666666666791e+07 -3.894370974378711736e+01
2.958333333333333582e+07 -3.888694901169465368e+01
3.162500000000000000e+07 -3.968536879206951795e+01
3.366666666666667163e+07 -4.179501858844367490e+01
3.570833333333333582e+07 -4.810371396151588641e+01
3.775000000000000000e+07 -5.447434381712074725e+01
3.979166666666667163e+07 -5.892433545617542734e+01
4.183333333333333582e+07 -4.667443211285210936e+01
4.387500000000000000e+07 -5.437395225896683115e+01
4.591666666666667163e+07 -4.655839411848091913e+01
4.795833333333333582e+07 -4.218676241368348201e+01
5.000000000000000000e+07 -3.542917043074923100e+01
