TIME  IN1  IN2  OUT1
500  -1.474609  4.334106  -0.5
499.023  1.473999  4.608765  0.5
498.047  1.45813  4.506836  0.5
497.07  1.45813  4.381104  0.5
496.094  1.45813  4.235229  0.5
495.117  1.45813  4.088745  0.5
494.141  1.45813  3.942871  0.5
493.164  1.45813  3.797607  0.5
492.188  1.45813  3.652344  0.5
491.211  1.45874  3.50647  0.5
490.234  1.45813  3.361206  0.5
489.258  1.45813  3.225708  0.5
488.281  1.45874  3.080444  0.5
487.305  1.45813  2.93457  0.5
486.328  1.45813  2.789917  0.5
485.352  1.45813  2.644043  0.5
484.375  1.45813  2.498779  0.5
483.398  1.45813  2.353516  0.5
482.422  1.45813  2.208252  0.5
481.445  1.45813  2.062988  0.5
480.469  1.45813  1.917725  0.5
479.492  1.45813  1.782837  0.5
478.516  1.45813  1.636963  0.5
477.539  1.45813  1.491699  0.5
476.563  1.45813  1.346436  0.5
475.586  1.45813  1.201782  0.5
474.609  1.45813  1.055908  0.5
473.633  1.45813  0.911255  0.5
472.656  1.45813  0.765991  0.5
471.68  1.45813  0.620728  0.5
470.703  1.45813  0.475464  0.5
469.727  1.45813  0.339966  0.5
468.75  1.45813  0.195312  0.5
467.773  1.45813  0.050049  0.5
466.797  1.45813  -0.095825  0.5
465.82  1.45874  -0.240479  0.5
464.844  1.45813  -0.386353  0.5
463.867  1.45813  -0.531006  0.5
462.891  1.45813  -0.67688  0.5
461.914  1.45813  -0.821533  0.5
460.938  1.45813  -0.967407  0.5
459.961  1.45813  -1.102295  0.5
458.984  1.45813  -1.247559  0.5
458.008  1.45813  -1.392822  0.5
457.031  1.45874  -1.538086  0.5
456.055  1.45874  -1.68335  0.5
455.078  1.45813  -1.828003  0.5
454.102  1.45813  -1.972656  0.5
453.125  1.45874  -2.11792  0.5
452.148  1.45813  -2.263184  0.5
451.172  1.45813  -2.408447  0.5
450.195  1.45874  -2.543945  0.5
449.219  -1.513062  -2.609253  -0.5
448.242  -1.472168  -2.461548  -0.5
447.266  -1.472168  -2.315063  -0.5
446.289  -1.472778  -2.167969  -0.5
445.313  -1.472778  -2.021484  -0.5
444.336  -1.472778  -1.875  -0.5
443.359  -1.472778  -1.728516  -0.5
442.383  -1.472778  -1.581421  -0.5
441.406  -1.473389  -1.434937  -0.5
440.43  -1.473389  -1.298218  -0.5
439.453  -1.473389  -1.151123  -0.5
438.477  -1.472778  -1.005249  -0.5
437.5  -1.472778  -0.858154  -0.5
436.523  -1.473389  -0.71167  -0.5
435.547  -1.473389  -0.564575  -0.5
434.57  -1.473389  -0.41748  -0.5
433.594  -1.472778  -0.271606  -0.5
432.617  -1.473389  -0.124512  -0.5
431.641  -1.472778  0.021973  -0.5
430.664  -1.472778  0.158691  -0.5
429.688  -1.473389  0.305786  -0.5
428.711  -1.472778  0.452271  -0.5
427.734  -1.472778  0.598755  -0.5
426.758  -1.472778  0.745239  -0.5
425.781  -1.472778  0.891724  -0.5
424.805  -1.473389  1.038818  -0.5
423.828  -1.473389  1.185303  -0.5
422.852  -1.473389  1.331177  -0.5
421.875  -1.473389  1.478271  -0.5
420.898  -1.473389  1.61499  -0.5
419.922  -1.47583  1.761475  -0.5
418.945  -1.47522  1.908569  -0.5
417.969  -1.47522  2.055054  -0.5
416.992  -1.47583  2.202148  -0.5
416.016  -1.47522  2.348633  -0.5
415.039  -1.47522  2.495728  -0.5
414.063  -1.47522  2.642822  -0.5
413.086  -1.47522  2.789917  -0.5
412.109  -1.47522  2.936401  -0.5
411.133  -1.474609  3.082886  -0.5
410.156  -1.47522  3.220215  -0.5
409.18  -1.474609  3.36731  -0.5
408.203  -1.474609  3.514404  -0.5
407.227  -1.47522  3.660889  -0.5
406.25  -1.474609  3.807983  -0.5
405.273  -1.474609  3.955078  -0.5
404.297  -1.47522  4.102173  -0.5
403.32  -1.47522  4.249268  -0.5
402.344  -1.47522  4.325562  -0.5
401.367  -1.47583  4.329834  -0.5
400.391  -1.47522  4.332886  -0.5
399.414  1.573486  4.645996  0.5
398.438  1.45813  4.532471  0.5
397.461  1.45752  4.419556  0.5
396.484  1.45752  4.273071  0.5
395.508  1.45813  4.127197  0.5
394.531  1.45813  3.981323  0.5
393.555  1.45752  3.835449  0.5
392.578  1.45813  3.690186  0.5
391.602  1.45813  3.544922  0.5
390.625  1.45813  3.408813  0.5
389.648  1.45874  3.26355  0.5
388.672  1.45813  3.118286  0.5
387.695  1.45813  2.973022  0.5
386.719  1.45813  2.827148  0.5
385.742  1.45813  2.681885  0.5
384.766  1.45874  2.536621  0.5
383.789  1.45874  2.391357  0.5
382.813  1.45813  2.246094  0.5
381.836  1.45813  2.10083  0.5
380.859  1.45813  1.965332  0.5
379.883  1.45813  1.820068  0.5
378.906  1.45813  1.674194  0.5
377.93  1.45813  1.530151  0.5
376.953  1.45874  1.384277  0.5
375.977  1.45813  1.239014  0.5
375  1.45874  1.09375  0.5
374.023  1.45813  0.949097  0.5
373.047  1.45813  0.803223  0.5
372.07  1.45874  0.658569  0.5
371.094  1.45874  0.523071  0.5
370.117  1.45813  0.377808  0.5
369.141  1.45874  0.232544  0.5
368.164  1.45813  0.087891  0.5
367.188  1.45874  -0.057983  0.5
366.211  1.45874  -0.203247  0.5
365.234  1.45874  -0.348511  0.5
364.258  1.45874  -0.493164  0.5
363.281  1.45874  -0.638428  0.5
362.305  1.45874  -0.784302  0.5
361.328  1.45813  -0.9198  0.5
360.352  1.45813  -1.065063  0.5
359.375  1.45874  -1.209717  0.5
358.398  1.45813  -1.35498  0.5
357.422  1.45874  -1.500244  0.5
356.445  1.45813  -1.645508  0.5
355.469  1.45813  -1.790771  0.5
354.492  1.45813  -1.935425  0.5
353.516  1.45813  -2.080688  0.5
352.539  1.45874  -2.225952  0.5
351.563  1.45874  -2.36145  0.5
350.586  1.45874  -2.506104  0.5
349.609  0.047607  -2.646484  -0.5
348.633  -1.472168  -2.504272  -0.5
347.656  -1.472778  -2.357178  -0.5
346.68  -1.472778  -2.210693  -0.5
345.703  -1.472778  -2.063599  -0.5
344.727  -1.472778  -1.917114  -0.5
343.75  -1.472778  -1.77063  -0.5
342.773  -1.473389  -1.624146  -0.5
341.797  -1.473389  -1.486816  -0.5
340.82  -1.473389  -1.340332  -0.5
339.844  -1.47522  -1.193237  -0.5
338.867  -1.47583  -1.046143  -0.5
337.891  -1.47522  -0.899048  -0.5
336.914  -1.47522  -0.752563  -0.5
335.938  -1.47522  -0.605469  -0.5
334.961  -1.47522  -0.458984  -0.5
333.984  -1.47522  -0.31189  -0.5
333.008  -1.47522  -0.165405  -0.5
332.031  -1.474609  -0.028076  -0.5
331.055  -1.474609  0.119019  -0.5
330.078  -1.474609  0.266113  -0.5
329.102  -1.474609  0.412598  -0.5
328.125  -1.47522  0.559692  -0.5
327.148  -1.474609  0.706177  -0.5
326.172  -1.47522  0.853271  -0.5
325.195  -1.47522  1.000366  -0.5
324.219  -1.47522  1.14624  -0.5
323.242  -1.47522  1.293335  -0.5
322.266  -1.47522  1.44043  -0.5
321.289  -1.47522  1.577148  -0.5
320.313  -1.47522  1.723633  -0.5
319.336  -1.47522  1.870728  -0.5
318.359  -1.47522  2.017212  -0.5
317.383  -1.47522  2.164307  -0.5
316.406  -1.47522  2.310791  -0.5
315.43  -1.47522  2.457275  -0.5
314.453  -1.47522  2.60437  -0.5
313.477  -1.474609  2.751465  -0.5
312.5  -1.47522  2.89856  -0.5
311.523  -1.474609  3.035278  -0.5
310.547  -1.472778  3.182373  -0.5
309.57  -1.472778  3.328857  -0.5
308.594  -1.472778  3.475952  -0.5
307.617  -1.472778  3.621826  -0.5
306.641  -1.472778  3.768921  -0.5
305.664  -1.472778  3.915405  -0.5
304.688  -1.472778  4.0625  -0.5
303.711  -1.472778  4.209595  -0.5
302.734  -1.472778  4.324951  -0.5
301.758  -1.472778  4.328613  -0.5
300.781  -1.472778  4.331665  -0.5
299.805  -1.472778  4.335938  0.5
298.828  1.45874  4.559326  0.5
297.852  1.45813  4.456177  0.5
296.875  1.45813  4.312134  0.5
295.898  1.45813  4.16626  0.5
294.922  1.45813  4.020386  0.5
293.945  1.45813  3.875122  0.5
292.969  1.45813  3.729248  0.5
291.992  1.45813  3.59314  0.5
291.016  1.45813  3.448486  0.5
290.039  1.45874  3.303223  0.5
289.063  1.45874  3.157349  0.5
288.086  1.45874  3.012085  0.5
287.109  1.45874  2.866821  0.5
286.133  1.45874  2.721558  0.5
285.156  1.45874  2.575684  0.5
284.18  1.45874  2.43042  0.5
283.203  1.45813  2.285156  0.5
282.227  1.45813  2.149658  0.5
281.25  1.45874  2.003784  0.5
280.273  1.45813  1.859131  0.5
279.297  1.45813  1.713867  0.5
278.32  1.45813  1.568604  0.5
277.344  1.45813  1.42334  0.5
276.367  1.45813  1.278076  0.5
275.391  1.45813  1.132812  0.5
274.414  1.45813  0.987549  0.5
273.438  1.45874  0.842896  0.5
272.461  1.45874  0.707397  0.5
271.484  1.45874  0.562134  0.5
270.508  1.45874  0.41687  0.5
269.531  1.45874  0.271606  0.5
268.555  1.45874  0.126343  0.5
267.578  1.45813  -0.018921  0.5
266.602  1.45813  -0.164185  0.5
265.625  1.45813  -0.309448  0.5
264.648  1.45874  -0.454712  0.5
263.672  1.45813  -0.599976  0.5
262.695  1.45813  -0.735474  0.5
261.719  1.45813  -0.880737  0.5
260.742  1.45813  -1.026001  0.5
259.766  1.45813  -1.171265  0.5
258.789  1.45813  -1.316528  0.5
257.813  1.45874  -1.461182  0.5
256.836  1.45813  -1.607056  0.5
255.859  1.45813  -1.752319  0.5
254.883  1.45874  -1.896973  0.5
253.906  1.45813  -2.042236  0.5
252.93  1.45874  -2.177124  0.5
251.953  1.45874  -2.322388  0.5
250.977  1.45874  -2.467651  0.5
250  1.45813  -2.612915  0.5
249.023  -1.473389  -2.544556  -0.5
248.047  -1.472168  -2.398071  -0.5
247.07  -1.472778  -2.251587  -0.5
246.094  -1.473389  -2.104492  -0.5
245.117  -1.472778  -1.958008  -0.5
244.141  -1.472778  -1.811523  -0.5
243.164  -1.472778  -1.664429  -0.5
242.188  -1.472778  -1.52771  -0.5
241.211  -1.473389  -1.381226  -0.5
240.234  -1.472778  -1.234131  -0.5
239.258  -1.472778  -1.087646  -0.5
238.281  -1.473389  -0.941162  -0.5
237.305  -1.473389  -0.794067  -0.5
236.328  -1.472778  -0.647583  -0.5
235.352  -1.472778  -0.501099  -0.5
234.375  -1.473389  -0.354004  -0.5
233.398  -1.473389  -0.20752  -0.5
232.422  -1.472778  -0.07019  -0.5
231.445  -1.473389  0.076294  -0.5
230.469  -1.472778  0.222778  -0.5
229.492  -1.472778  0.369263  -0.5
228.516  -1.472778  0.516357  -0.5
227.539  -1.472778  0.662842  -0.5
226.563  -1.472778  0.809326  -0.5
225.586  -1.472778  0.955811  -0.5
224.609  -1.472778  1.102295  -0.5
223.633  -1.472778  1.248169  -0.5
222.656  -1.472778  1.385498  -0.5
221.68  -1.473389  1.532593  -0.5
220.703  -1.472778  1.678467  -0.5
219.727  -1.472778  1.824951  -0.5
218.75  -1.473389  1.972046  -0.5
217.773  -1.472778  2.11853  -0.5
216.797  -1.473389  2.265015  -0.5
215.82  -1.473389  2.411499  -0.5
214.844  -1.473389  2.558594  -0.5
213.867  -1.473389  2.705078  -0.5
212.891  -1.472778  2.841797  -0.5
211.914  -1.472778  2.988281  -0.5
210.938  -1.472778  3.134766  -0.5
209.961  -1.472778  3.28186  -0.5
208.984  -1.472168  3.428345  -0.5
208.008  -1.472778  3.575439  -0.5
207.031  -1.472778  3.721924  -0.5
206.055  -1.472778  3.868408  -0.5
205.078  -1.472778  4.014893  -0.5
204.102  -1.473389  4.162598  -0.5
203.125  -1.473389  4.299316  -0.5
202.148  -1.472778  4.327393  -0.5
201.172  -1.473389  4.331055  -0.5
200.195  -1.47522  4.334106  -0.5
199.219  1.462402  4.58313  0.5
198.242  1.45813  4.483643  0.5
197.266  1.45813  4.347534  0.5
196.289  1.45813  4.20166  0.5
195.313  1.45813  4.055786  0.5
194.336  1.45813  3.909912  0.5
193.359  1.45874  3.773804  0.5
192.383  1.45813  3.62793  0.5
191.406  1.45813  3.482666  0.5
190.43  1.45874  3.337402  0.5
189.453  1.45874  3.192139  0.5
188.477  1.45874  3.046875  0.5
187.5  1.45874  2.901611  0.5
186.523  1.45874  2.755737  0.5
185.547  1.45874  2.610474  0.5
184.57  1.45874  2.46521  0.5
183.594  1.45813  2.329712  0.5
182.617  1.45874  2.183838  0.5
181.641  1.45813  2.039185  0.5
180.664  1.45874  1.893311  0.5
179.688  1.45813  1.748657  0.5
178.711  1.45813  1.603394  0.5
177.734  1.45813  1.45813  0.5
176.758  1.45874  1.312866  0.5
175.781  1.45874  1.167603  0.5
174.805  1.45874  1.022339  0.5
173.828  1.45874  0.887451  0.5
172.852  1.45874  0.741577  0.5
171.875  1.45874  0.596924  0.5
170.898  1.45874  0.45166  0.5
169.922  1.45874  0.306396  0.5
168.945  1.459351  0.161743  0.5
167.969  1.459351  0.016479  0.5
166.992  1.45874  -0.129395  0.5
166.016  1.45874  -0.274658  0.5
165.039  1.45874  -0.419922  0.5
164.063  1.45813  -0.55542  0.5
163.086  1.45813  -0.700684  0.5
162.109  1.45813  -0.845337  0.5
161.133  1.45813  -0.990601  0.5
160.156  1.45813  -1.135864  0.5
159.18  1.45874  -1.281128  0.5
158.203  1.45813  -1.426392  0.5
157.227  1.45813  -1.571655  0.5
156.25  1.45813  -1.716919  0.5
155.273  1.45813  -1.861572  0.5
154.297  1.45813  -2.006836  0.5
153.32  1.45813  -2.142334  0.5
152.344  1.45874  -2.287598  0.5
151.367  1.45874  -2.432861  0.5
150.391  1.45874  -2.577515  0.5
149.414  -1.484985  -2.589722  -0.5
148.438  -1.473999  -2.442627  -0.5
147.461  -1.474609  -2.296143  -0.5
146.484  -1.474609  -2.148438  -0.5
145.508  -1.474609  -2.001953  -0.5
144.531  -1.47522  -1.854858  -0.5
143.555  -1.47522  -1.717529  -0.5
142.578  -1.47522  -1.570435  -0.5
141.602  -1.47522  -1.42395  -0.5
140.625  -1.47522  -1.276855  -0.5
139.648  -1.47522  -1.129761  -0.5
138.672  -1.47522  -0.982666  -0.5
137.695  -1.47522  -0.835571  -0.5
136.719  -1.47522  -0.689087  -0.5
135.742  -1.474609  -0.541992  -0.5
134.766  -1.474609  -0.395508  -0.5
133.789  -1.474609  -0.258179  -0.5
132.813  -1.473999  -0.111084  -0.5
131.836  -1.474609  0.036011  -0.5
130.859  -1.474609  0.182495  -0.5
129.883  -1.474609  0.32959  -0.5
128.906  -1.473999  0.476074  -0.5
127.93  -1.473999  0.623169  -0.5
126.953  -1.473999  0.769653  -0.5
125.977  -1.473999  0.916138  -0.5
125  -1.474609  1.063232  -0.5
124.023  -1.473999  1.200562  -0.5
123.047  -1.474609  1.346436  -0.5
122.07  -1.473999  1.49353  -0.5
121.094  -1.472778  1.640015  -0.5
120.117  -1.473389  1.786499  -0.5
119.141  -1.473389  1.932983  -0.5
118.164  -1.472778  2.079468  -0.5
117.188  -1.473389  2.226562  -0.5
116.211  -1.473389  2.372437  -0.5
115.234  -1.472778  2.519531  -0.5
114.258  -1.472778  2.65564  -0.5
113.281  -1.472778  2.802734  -0.5
112.305  -1.472778  2.949219  -0.5
111.328  -1.472778  3.095703  -0.5
110.352  -1.472778  3.242188  -0.5
109.375  -1.472778  3.389282  -0.5
108.398  -1.472778  3.535767  -0.5
107.422  -1.472168  3.682861  -0.5
106.445  -1.472168  3.829346  -0.5
105.469  -1.472778  3.97644  -0.5
104.492  -1.472778  4.113159  -0.5
103.516  -1.472778  4.260254  -0.5
102.539  -1.472778  4.326782  -0.5
101.563  -1.472778  4.329834  -0.5
100.586  -1.472778  4.333496  -0.5
99.609  1.489258  4.614258  0.5
98.633  1.45813  4.511108  0.5
97.656  1.45813  4.387817  0.5
96.68  1.45813  4.241943  0.5
95.703  1.45813  4.095459  0.5
94.727  1.45874  3.959351  0.5
93.75  1.45813  3.814087  0.5
92.773  1.45874  3.668213  0.5
91.797  1.45813  3.52356  0.5
90.82  1.45874  3.377686  0.5
89.844  1.45874  3.232422  0.5
88.867  1.45874  3.086548  0.5
87.891  1.45813  2.941895  0.5
86.914  1.45813  2.796021  0.5
85.938  1.45813  2.651367  0.5
84.961  1.45813  2.515259  0.5
83.984  1.45813  2.370605  0.5
83.008  1.45813  2.224731  0.5
82.031  1.45813  2.079468  0.5
81.055  1.45813  1.934814  0.5
80.078  1.45813  1.78894  0.5
79.102  1.45813  1.644287  0.5
78.125  1.45813  1.499023  0.5
77.148  1.45874  1.353149  0.5
76.172  1.45813  1.207886  0.5
75.195  1.45813  1.062622  0.5
74.219  1.45813  0.927734  0.5
73.242  1.45813  0.782471  0.5
72.266  1.45874  0.637207  0.5
71.289  1.45813  0.492554  0.5
70.313  1.45874  0.34729  0.5
69.336  1.45874  0.202026  0.5
68.359  1.45874  0.056763  0.5
67.383  1.45874  -0.089111  0.5
66.406  1.45874  -0.234375  0.5
65.43  1.45813  -0.379639  0.5
64.453  1.45813  -0.515137  0.5
63.477  1.45813  -0.65979  0.5
62.5  1.45813  -0.805664  0.5
61.523  1.45813  -0.950928  0.5
60.547  1.45813  -1.096191  0.5
59.57  1.45813  -1.240845  0.5
58.594  1.45813  -1.386108  0.5
57.617  1.45813  -1.531372  0.5
56.641  1.45813  -1.676636  0.5
55.664  1.45813  -1.821289  0.5
54.688  1.45813  -1.956787  0.5
53.711  1.45874  -2.102051  0.5
52.734  1.45874  -2.246704  0.5
51.758  1.45874  -2.391968  0.5
50.781  1.45874  -2.537231  0.5
49.805  -1.552734  -2.630005  -0.5
48.828  -1.471558  -2.481689  -0.5
47.852  -1.472168  -2.335205  -0.5
46.875  -1.472168  -2.18811  -0.5
45.898  -1.472778  -2.041626  -0.5
44.922  -1.472778  -1.904907  -0.5
43.945  -1.472778  -1.757812  -0.5
42.969  -1.472778  -1.611328  -0.5
41.992  -1.472778  -1.464844  -0.5
41.016  -1.473389  -1.318359  -0.5
40.039  -1.47522  -1.171265  -0.5
39.063  -1.47522  -1.02417  -0.5
38.086  -1.47522  -0.877686  -0.5
37.109  -1.47522  -0.730591  -0.5
36.133  -1.47522  -0.583496  -0.5
35.156  -1.47583  -0.446777  -0.5
34.18  -1.47522  -0.299683  -0.5
33.203  -1.47522  -0.152588  -0.5
32.227  -1.47522  -0.005493  -0.5
31.25  -1.47522  0.141602  -0.5
30.273  -1.47522  0.288086  -0.5
29.297  -1.47522  0.435181  -0.5
28.32  -1.474609  0.582275  -0.5
27.344  -1.474609  0.72876  -0.5
26.367  -1.474609  0.875854  -0.5
25.391  -1.47522  1.012573  -0.5
24.414  -1.474609  1.159668  -0.5
23.438  -1.47522  1.305542  -0.5
22.461  -1.47522  1.453247  -0.5
21.484  -1.47522  1.599731  -0.5
20.508  -1.47522  1.746216  -0.5
19.531  -1.47522  1.893311  -0.5
18.555  -1.47522  2.039795  -0.5
17.578  -1.47522  2.18689  -0.5
16.602  -1.47522  2.333374  -0.5
15.625  -1.47522  2.470703  -0.5
14.648  -1.47522  2.617188  -0.5
13.672  -1.47522  2.764282  -0.5
12.695  -1.47522  2.910767  -0.5
11.719  -1.47522  3.057861  -0.5
10.742  -1.474609  3.204346  -0.5
9.766  -1.474609  3.35144  -0.5
8.789  -1.474609  3.498535  -0.5
7.813  -1.474609  3.64563  -0.5
6.836  -1.473999  3.792114  -0.5
5.859  -1.474609  3.929443  -0.5
4.883  -1.473999  4.075928  -0.5
3.906  -1.473999  4.223633  -0.5
2.93  -1.474609  4.324951  -0.5
1.953  -1.474609  4.329224  -0.5
0  0.678711  4.67041  -0.5
-1.953  1.45813  4.431152  0.5
-2.93  1.45752  4.284668  0.5
-3.906  1.45813  4.147949  0.5
-4.883  1.45813  4.002075  0.5
-5.859  1.45813  3.856812  0.5
-6.836  1.45813  3.710938  0.5
-7.813  1.45874  3.565674  0.5
-8.789  1.45874  3.42041  0.5
-9.766  1.45874  3.274536  0.5
-10.742  1.45874  3.129883  0.5
-11.719  1.45874  2.984009  0.5
-12.695  1.45874  2.838745  0.5
-13.672  1.45874  2.693481  0.5
-14.648  1.45874  2.557983  0.5
-15.625  1.45874  2.412109  0.5
-16.602  1.45813  2.266846  0.5
-17.578  1.45813  2.121582  0.5
-18.555  1.45874  1.976929  0.5
-19.531  1.45813  1.831665  0.5
-20.508  1.45874  1.686401  0.5
-21.484  1.45813  1.540527  0.5
-22.461  1.45813  1.395264  0.5
-23.438  1.45813  1.25  0.5
-24.414  1.45874  1.114502  0.5
-25.391  1.45813  0.969849  0.5
-26.367  1.45874  0.824585  0.5
-27.344  1.45874  0.679321  0.5
-28.32  1.45874  0.534058  0.5
-29.297  1.45874  0.388794  0.5
-30.273  1.45874  0.244141  0.5
-31.25  1.45874  0.098877  0.5
-32.227  1.45874  -0.046387  0.5
-33.203  1.45874  -0.192261  0.5
-34.18  1.45874  -0.327759  0.5
-35.156  1.45874  -0.472412  0.5
-36.133  1.45874  -0.618286  0.5
-37.109  1.45874  -0.762939  0.5
-38.086  1.45874  -0.908203  0.5
-39.063  1.45874  -1.053467  0.5
-40.039  1.45813  -1.19873  0.5
-41.016  1.45813  -1.343994  0.5
-41.992  1.45813  -1.488647  0.5
-42.969  1.45813  -1.633911  0.5
-43.945  1.45813  -1.77002  0.5
-44.922  1.45813  -1.914673  0.5
-45.898  1.45813  -2.059937  0.5
-46.875  1.45874  -2.20459  0.5
-47.852  1.45874  -2.350464  0.5
-48.828  1.45874  -2.495117  0.5
-49.805  1.373291  -2.640381  0.5
-50.781  -1.471558  -2.519531  -0.5
-51.758  -1.472778  -2.372437  -0.5
-52.734  -1.472168  -2.225952  -0.5
-53.711  -1.472778  -2.088623  -0.5
-54.688  -1.474609  -1.942139  -0.5
-55.664  -1.47522  -1.795044  -0.5
-56.641  -1.47522  -1.647949  -0.5
-57.617  -1.47522  -1.501465  -0.5
-58.594  -1.47522  -1.35437  -0.5
-59.57  -1.47522  -1.207886  -0.5
-60.547  -1.47522  -1.060791  -0.5
-61.523  -1.47522  -0.913696  -0.5
-62.5  -1.47522  -0.767212  -0.5
-63.477  -1.474609  -0.629883  -0.5
-64.453  -1.474609  -0.483398  -0.5
-65.43  -1.474609  -0.336304  -0.5
-66.406  -1.474609  -0.189819  -0.5
-67.383  -1.474609  -0.042725  -0.5
-68.359  -1.474609  0.10437  -0.5
-69.336  -1.474609  0.250854  -0.5
-70.313  -1.474609  0.397949  -0.5
-71.289  -1.474609  0.544434  -0.5
-72.266  -1.474609  0.691528  -0.5
-73.242  -1.474609  0.828247  -0.5
-74.219  -1.474609  0.974731  -0.5
-75.195  -1.474609  1.121216  -0.5
-76.172  -1.47522  1.268311  -0.5
-77.148  -1.474609  1.414795  -0.5
-78.125  -1.474609  1.56189  -0.5
-79.102  -1.474609  1.708374  -0.5
-80.078  -1.474609  1.854858  -0.5
-81.055  -1.474609  2.001953  -0.5
-82.031  -1.474609  2.148438  -0.5
-83.008  -1.474609  2.285767  -0.5
-83.984  -1.474609  2.432251  -0.5
-84.961  -1.473999  2.579346  -0.5
-85.938  -1.474609  2.72583  -0.5
-86.914  -1.474609  2.872925  -0.5
-87.891  -1.473999  3.02002  -0.5
-88.867  -1.473999  3.166504  -0.5
-89.844  -1.474609  3.312988  -0.5
-90.82  -1.474609  3.460693  -0.5
-91.797  -1.47522  3.607178  -0.5
-92.773  -1.47522  3.754272  -0.5
-93.75  -1.474609  3.890991  -0.5
-94.727  -1.474609  4.038086  -0.5
-95.703  -1.474609  4.185181  -0.5
-96.68  -1.47522  4.324951  -0.5
-97.656  -1.47522  4.327393  -0.5
-98.633  -1.47522  4.331055  -0.5
-99.609  -1.47522  4.335327  -0.5
-100.586  1.45874  4.567261  0.5
-101.563  1.45813  4.466553  0.5
-102.539  1.45813  4.326172  0.5
-103.516  1.45813  4.189453  0.5
-104.492  1.45813  4.043579  0.5
-105.469  1.45813  3.897705  0.5
-106.445  1.45813  3.752441  0.5
-107.422  1.45813  3.607178  0.5
-108.398  1.45874  3.461914  0.5
-109.375  1.45874  3.31604  0.5
-110.352  1.45874  3.170776  0.5
-111.328  1.45874  3.025513  0.5
-112.305  1.45874  2.880249  0.5
-113.281  1.45874  2.744141  0.5
-114.258  1.45813  2.598877  0.5
-115.234  1.45813  2.454224  0.5
-116.211  1.45813  2.30835  0.5
-117.188  1.45813  2.163086  0.5
-118.164  1.45813  2.017822  0.5
-119.141  1.45813  1.872559  0.5
-120.117  1.45813  1.727905  0.5
-121.094  1.45874  1.582031  0.5
-122.07  1.45813  1.437378  0.5
-123.047  1.45874  1.30127  0.5
-124.023  1.45874  1.156006  0.5
-125  1.45813  1.010742  0.5
-125.977  1.45813  0.865479  0.5
-126.953  1.45813  0.720825  0.5
-127.93  1.45813  0.575562  0.5
-128.906  1.45874  0.430908  0.5
-129.883  1.45874  0.285645  0.5
-130.859  1.45874  0.140381  0.5
-131.836  1.45874  -0.004883  0.5
-132.813  1.45874  -0.140991  0.5
-133.789  1.45874  -0.286255  0.5
-134.766  1.45874  -0.430908  0.5
-135.742  1.45874  -0.576172  0.5
-136.719  1.45874  -0.722046  0.5
-137.695  1.45813  -0.866699  0.5
-138.672  1.45874  -1.011963  0.5
-139.648  1.45874  -1.157837  0.5
-140.625  1.45813  -1.303101  0.5
-141.602  1.45813  -1.447754  0.5
-142.578  1.45813  -1.583252  0.5
-143.555  1.45813  -1.728516  0.5
-144.531  1.45874  -1.873779  0.5
-145.508  1.45874  -2.018433  0.5
-146.484  1.45874  -2.163696  0.5
-147.461  1.45874  -2.30896  0.5
-148.438  1.45874  -2.453613  0.5
-149.414  1.45874  -2.598877  0.5
-150.391  -1.473999  -2.557983  -0.5
-151.367  -1.472168  -2.411499  -0.5
-152.344  -1.472168  -2.27417  -0.5
-153.32  -1.472778  -2.127075  -0.5
-154.297  -1.472778  -1.980591  -0.5
-155.273  -1.472778  -1.833496  -0.5
-156.25  -1.472778  -1.687622  -0.5
-157.227  -1.472778  -1.540527  -0.5
-158.203  -1.473389  -1.394043  -0.5
-159.18  -1.473389  -1.246948  -0.5
-160.156  -1.473389  -1.100464  -0.5
-161.133  -1.473389  -0.953369  -0.5
-162.109  -1.473389  -0.81665  -0.5
-163.086  -1.473389  -0.670166  -0.5
-164.063  -1.473389  -0.523682  -0.5
-165.039  -1.473389  -0.376587  -0.5
-166.016  -1.472778  -0.230103  -0.5
-166.992  -1.473389  -0.083618  -0.5
-167.969  -1.473389  0.063477  -0.5
-168.945  -1.473389  0.209961  -0.5
-169.922  -1.472778  0.356445  -0.5
-170.898  -1.472778  0.50293  -0.5
-171.875  -1.472778  0.639648  -0.5
-172.852  -1.472778  0.786743  -0.5
-173.828  -1.472778  0.933228  -0.5
-174.805  -1.473389  1.079712  -0.5
-175.781  -1.472778  1.226196  -0.5
-176.758  -1.472778  1.372681  -0.5
-177.734  -1.473389  1.519775  -0.5
-178.711  -1.473389  1.665649  -0.5
-179.688  -1.47522  1.812134  -0.5
-180.664  -1.47522  1.959229  -0.5
-181.641  -1.47522  2.105713  -0.5
-182.617  -1.47522  2.243042  -0.5
-183.594  -1.47522  2.390137  -0.5
-184.57  -1.474609  2.536621  -0.5
-185.547  -1.474609  2.683716  -0.5
-186.523  -1.474609  2.8302  -0.5
-187.5  -1.474609  2.977295  -0.5
-188.477  -1.474609  3.123779  -0.5
-189.453  -1.473999  3.270874  -0.5
-190.43  -1.474609  3.417358  -0.5
-191.406  -1.474609  3.564453  -0.5
-192.383  -1.474609  3.701172  -0.5
-193.359  -1.473999  3.848267  -0.5
-194.336  -1.473999  3.995361  -0.5
-195.313  -1.474609  4.142456  -0.5
-196.289  -1.474609  4.289551  -0.5
-197.266  -1.474609  4.326782  -0.5
-198.242  -1.474609  4.330444  -0.5
-199.219  -1.474609  4.333496  -0.5
-200.195  1.466064  4.594116  0.5
-201.172  1.45813  4.49585  0.5
-202.148  1.45752  4.373779  0.5
-203.125  1.45813  4.227295  0.5
-204.102  1.45813  4.081421  0.5
-205.078  1.45813  3.935547  0.5
-206.055  1.45813  3.789673  0.5
-207.031  1.45813  3.643799  0.5
-208.008  1.45813  3.499146  0.5
-208.984  1.45874  3.353271  0.5
-209.961  1.45874  3.208618  0.5
-210.938  1.45874  3.062744  0.5
-211.914  1.45874  2.927246  0.5
-212.891  1.45874  2.781982  0.5
-213.867  1.45813  2.636719  0.5
-214.844  1.45874  2.491455  0.5
-215.82  1.45874  2.346191  0.5
-216.797  1.45813  2.200317  0.5
-217.773  1.45813  2.055054  0.5
-218.75  1.45813  1.90979  0.5
-219.727  1.45813  1.764526  0.5
-220.703  1.45813  1.619263  0.5
-221.68  1.45813  1.484375  0.5
-222.656  1.45813  1.338501  0.5
-223.633  1.45813  1.193237  0.5
-224.609  1.45813  1.048584  0.5
-225.586  1.45813  0.90332  0.5
-226.563  1.45813  0.758057  0.5
-227.539  1.45874  0.612793  0.5
-228.516  1.45874  0.467529  0.5
-229.492  1.45874  0.322266  0.5
-230.469  1.45874  0.177612  0.5
-231.445  1.45874  0.042114  0.5
-232.422  1.45874  -0.103149  0.5
-233.398  1.45874  -0.248413  0.5
-234.375  1.45874  -0.393677  0.5
-235.352  1.45813  -0.53894  0.5
-236.328  1.45874  -0.684204  0.5
-237.305  1.45874  -0.829468  0.5
-238.281  1.45874  -0.974121  0.5
-239.258  1.45813  -1.119995  0.5
-240.234  1.45813  -1.265259  0.5
-241.211  1.45874  -1.400146  0.5
-242.188  1.45813  -1.546021  0.5
-243.164  1.45813  -1.690674  0.5
-244.141  1.45874  -1.835938  0.5
-245.117  1.45874  -1.980591  0.5
-246.094  1.45813  -2.125854  0.5
-247.07  1.45874  -2.271118  0.5
-248.047  1.45874  -2.416382  0.5
-249.023  1.45874  -2.561646  0.5
-250  -1.49292  -2.600098  0.5
-250.977  -1.472168  -2.462769  -0.5
-251.953  -1.472168  -2.316284  -0.5
-252.93  -1.472778  -2.169189  -0.5
-253.906  -1.472168  -2.022095  -0.5
-254.883  -1.472778  -1.876221  -0.5
-255.859  -1.472778  -1.729126  -0.5
-256.836  -1.472778  -1.582642  -0.5
-257.813  -1.472778  -1.436157  -0.5
-258.789  -1.472778  -1.289062  -0.5
-259.766  -1.472778  -1.142578  -0.5
-260.742  -1.472778  -0.995483  -0.5
-261.719  -1.472778  -0.858765  -0.5
-262.695  -1.472778  -0.71228  -0.5
-263.672  -1.472778  -0.565186  -0.5
-264.648  -1.47522  -0.418701  -0.5
-265.625  -1.47522  -0.272217  -0.5
-266.602  -1.47522  -0.124512  -0.5
-267.578  -1.47522  0.022583  -0.5
-268.555  -1.47522  0.169067  -0.5
-269.531  -1.474609  0.316162  -0.5
-270.508  -1.473999  0.462646  -0.5
-271.484  -1.473999  0.599365  -0.5
-272.461  -1.474609  0.74646  -0.5
-273.438  -1.474609  0.892944  -0.5
-274.414  -1.474609  1.040039  -0.5
-275.391  -1.474609  1.186523  -0.5
-276.367  -1.474609  1.333008  -0.5
-277.344  -1.474609  1.480103  -0.5
-278.32  -1.474609  1.626587  -0.5
-279.297  -1.472778  1.773682  -0.5
-280.273  -1.472778  1.920166  -0.5
-281.25  -1.472778  2.056885  -0.5
-282.227  -1.473389  2.203369  -0.5
-283.203  -1.473389  2.349854  -0.5
-284.18  -1.473389  2.496338  -0.5
-285.156  -1.472778  2.643433  -0.5
-286.133  -1.472778  2.789917  -0.5
-287.109  -1.472778  2.936401  -0.5
-288.086  -1.472778  3.082886  -0.5
-289.063  -1.472778  3.22998  -0.5
-290.039  -1.472778  3.376465  -0.5
-291.016  -1.472778  3.513184  -0.5
-291.992  -1.472778  3.660278  -0.5
-292.969  -1.472778  3.806763  -0.5
-293.945  -1.472778  3.953247  -0.5
-294.922  -1.472778  4.100342  -0.5
-295.898  -1.472778  4.247437  -0.5
-296.875  -1.472778  4.326172  -0.5
-297.852  -1.472778  4.329834  -0.5
-298.828  -1.473389  4.332886  -0.5
-299.805  1.517944  4.627686  -0.5
-300.781  1.45813  4.526978  0.5
-301.758  1.45813  4.411011  0.5
-302.734  1.45813  4.265137  0.5
-303.711  1.45813  4.119263  0.5
-304.688  1.45813  3.973999  0.5
-305.664  1.45813  3.828125  0.5
-306.641  1.45813  3.682251  0.5
-307.617  1.45874  3.536987  0.5
-308.594  1.45874  3.391724  0.5
-309.57  1.45874  3.24646  0.5
-310.547  1.45874  3.110962  0.5
-311.523  1.45874  2.965088  0.5
-312.5  1.45874  2.820435  0.5
-313.477  1.45874  2.674561  0.5
-314.453  1.45874  2.529297  0.5
-315.43  1.45813  2.383423  0.5
-316.406  1.45813  2.238159  0.5
-317.383  1.45813  2.092896  0.5
-318.359  1.45874  1.948242  0.5
-319.336  1.45813  1.802368  0.5
-320.313  1.45813  1.66748  0.5
-321.289  1.45813  1.522217  0.5
-322.266  1.45874  1.376343  0.5
-323.242  1.45813  1.231079  0.5
-324.219  1.45813  1.086426  0.5
-325.195  1.45813  0.941162  0.5
-326.172  1.45874  0.795898  0.5
-327.148  1.45874  0.650635  0.5
-328.125  1.45874  0.505981  0.5
-329.102  1.45874  0.360718  0.5
-330.078  1.45874  0.22522  0.5
-331.055  1.45874  0.080566  0.5
-332.031  1.45874  -0.065308  0.5
-333.008  1.45874  -0.210571  0.5
-333.984  1.45874  -0.355835  0.5
-334.961  1.45874  -0.501099  0.5
-335.938  1.45874  -0.646362  0.5
-336.914  1.45813  -0.791626  0.5
-337.891  1.45813  -0.9375  0.5
-338.867  1.45813  -1.082153  0.5
-339.844  1.45813  -1.217651  0.5
-340.82  1.45813  -1.362915  0.5
-341.797  1.45813  -1.508179  0.5
-342.773  1.45813  -1.652832  0.5
-343.75  1.45813  -1.798096  0.5
-344.727  1.45813  -1.943359  0.5
-345.703  1.45813  -2.088623  0.5
-346.68  1.45813  -2.233887  0.5
-347.656  1.45874  -2.37854  0.5
-348.633  1.45874  -2.523804  0.5
-349.609  -1.362305  -2.643433  0.5
-350.586  -1.472778  -2.504883  -0.5
-351.563  -1.472168  -2.357788  -0.5
-352.539  -1.474609  -2.211304  -0.5
-353.516  -1.473999  -2.064209  -0.5
-354.492  -1.474609  -1.917114  -0.5
-355.469  -1.474609  -1.77063  -0.5
-356.445  -1.474609  -1.624146  -0.5
-357.422  -1.474609  -1.47644  -0.5
-358.398  -1.474609  -1.329956  -0.5
-359.375  -1.474609  -1.182861  -0.5
-360.352  -1.47522  -1.046753  -0.5
-361.328  -1.47522  -0.899048  -0.5
-362.305  -1.47522  -0.752563  -0.5
-363.281  -1.47522  -0.605469  -0.5
-364.258  -1.474609  -0.458984  -0.5
-365.234  -1.47522  -0.31189  -0.5
-366.211  -1.474609  -0.165405  -0.5
-367.188  -1.474609  -0.018311  -0.5
-368.164  -1.474609  0.128784  -0.5
-369.141  -1.474609  0.275269  -0.5
-370.117  -1.474609  0.412598  -0.5
-371.094  -1.474609  0.559692  -0.5
-372.07  -1.474609  0.706177  -0.5
-373.047  -1.474609  0.852661  -0.5
-374.023  -1.473999  0.999756  -0.5
-375  -1.474609  1.14624  -0.5
-375.977  -1.474609  1.293335  -0.5
-376.953  -1.474609  1.439209  -0.5
-377.93  -1.474609  1.586304  -0.5
-378.906  -1.47522  1.732788  -0.5
-379.883  -1.474609  1.870728  -0.5
-380.859  -1.474609  2.017212  -0.5
-381.836  -1.474609  2.163696  -0.5
-382.813  -1.474609  2.310181  -0.5
-383.789  -1.474609  2.456665  -0.5
-384.766  -1.474609  2.60376  -0.5
-385.742  -1.473999  2.750244  -0.5
-386.719  -1.474609  2.897339  -0.5
-387.695  -1.474609  3.044434  -0.5
-388.672  -1.474609  3.191528  -0.5
-389.648  -1.474609  3.328247  -0.5
-390.625  -1.473999  3.475342  -0.5
-391.602  -1.473999  3.621826  -0.5
-392.578  -1.473999  3.768921  -0.5
-393.555  -1.474609  3.915405  -0.5
-394.531  -1.474609  4.0625  -0.5
-395.508  -1.473999  4.209595  -0.5
-396.484  -1.474609  4.324951  -0.5
-397.461  -1.474609  4.328613  -0.5
-398.438  -1.474609  4.331665  -0.5
-399.414  -1.472778  4.335327  -0.5
-400.391  1.45874  4.555054  0.5
-401.367  1.45752  4.451904  0.5
-402.344  1.45752  4.307251  0.5
-403.32  1.45813  4.161377  0.5
-404.297  1.45813  4.014893  0.5
-405.273  1.45813  3.869629  0.5
-406.25  1.45813  3.723755  0.5
-407.227  1.45813  3.578491  0.5
-408.203  1.45874  3.433228  0.5
-409.18  1.45874  3.297729  0.5
-410.156  1.45874  3.152466  0.5
-411.133  1.45874  3.007202  0.5
-412.109  1.45874  2.861938  0.5
-413.086  1.45874  2.716675  0.5
-414.063  1.45874  2.571411  0.5
-415.039  1.45874  2.426147  0.5
-416.016  1.45874  2.280273  0.5
-416.992  1.45813  2.13501  0.5
-417.969  1.45813  1.989746  0.5
-418.945  1.45813  1.854248  0.5
-419.922  1.45813  1.708984  0.5
-420.898  1.45813  1.563721  0.5
-421.875  1.45813  1.418457  0.5
-422.852  1.45874  1.273804  0.5
-423.828  1.45813  1.12793  0.5
-424.805  1.45813  0.983276  0.5
-425.781  1.45813  0.838013  0.5
-426.758  1.45813  0.692749  0.5
-427.734  1.45874  0.548096  0.5
-428.711  1.45874  0.402832  0.5
-429.688  1.45874  0.267334  0.5
-430.664  1.45874  0.12207  0.5
-431.641  1.45874  -0.023804  0.5
-432.617  1.45874  -0.168457  0.5
-433.594  1.45874  -0.313721  0.5
-434.57  1.45874  -0.459595  0.5
-435.547  1.45874  -0.604248  0.5
-436.523  1.45874  -0.749512  0.5
-437.5  1.45874  -0.894775  0.5
-438.477  1.45813  -1.040039  0.5
-439.453  1.45813  -1.175537  0.5
-440.43  1.45813  -1.321411  0.5
-441.406  1.45813  -1.466064  0.5
-442.383  1.45813  -1.611328  0.5
-443.359  1.45813  -1.756592  0.5
-444.336  1.45874  -1.901245  0.5
-445.313  1.45874  -2.046509  0.5
-446.289  1.45874  -2.191772  0.5
-447.266  1.45874  -2.337036  0.5
-448.242  1.45874  -2.4823  0.5
-449.219  1.45874  -2.617188  0.5
-450.195  -1.472778  -2.542725  -0.5
-451.172  -1.472168  -2.39563  -0.5
-452.148  -1.472168  -2.249146  -0.5
-453.125  -1.472778  -2.102051  -0.5
-454.102  -1.472778  -1.955566  -0.5
-455.078  -1.472778  -1.809082  -0.5
-456.055  -1.472778  -1.661987  -0.5
-457.031  -1.472778  -1.515503  -0.5
-458.008  -1.472778  -1.369019  -0.5
-458.984  -1.473389  -1.2323  -0.5
-459.961  -1.472778  -1.085205  -0.5
-460.938  -1.473389  -0.938721  -0.5
-461.914  -1.472778  -0.792236  -0.5
-462.891  -1.472778  -0.645142  -0.5
-463.867  -1.472778  -0.498657  -0.5
-464.844  -1.473389  -0.352173  -0.5
-465.82  -1.472778  -0.205688  -0.5
-466.797  -1.472778  -0.058594  -0.5
-467.773  -1.472778  0.087891  -0.5
-468.75  -1.472778  0.22522  -0.5
-469.727  -1.474609  0.372314  -0.5
-470.703  -1.474609  0.518799  -0.5
-471.68  -1.474609  0.665894  -0.5
-472.656  -1.474609  0.812378  -0.5
-473.633  -1.474609  0.958862  -0.5
-474.609  -1.47522  1.105957  -0.5
-475.586  -1.47522  1.252441  -0.5
-476.563  -1.47522  1.399536  -0.5
-477.539  -1.47522  1.546631  -0.5
-478.516  -1.47522  1.68335  -0.5
-479.492  -1.47522  1.830444  -0.5
-480.469  -1.47522  1.976929  -0.5
-481.445  -1.47522  2.123413  -0.5
-482.422  -1.47522  2.270508  -0.5
-483.398  -1.47522  2.416992  -0.5
-484.375  -1.47522  2.563477  -0.5
-485.352  -1.47522  2.710571  -0.5
-486.328  -1.474609  2.858276  -0.5
-487.305  -1.47522  3.004761  -0.5
-488.281  -1.47522  3.14209  -0.5
-489.258  -1.474609  3.288574  -0.5
-490.234  -1.474609  3.435669  -0.5
-491.211  -1.474609  3.582153  -0.5
-492.188  -1.474609  3.729248  -0.5
-493.164  -1.474609  3.876343  -0.5
-494.141  -1.47522  4.022827  -0.5
-495.117  -1.47522  4.170532  -0.5
-496.094  -1.47522  4.317627  -0.5
-497.07  -1.47522  4.327393  -0.5
-498.047  -1.47522  4.331055  -0.5
-499.023  -1.47522  4.334717  -0.5
