TIME  IN1  IN2  OUT1
500  -0.983276  4.347534  -0.5
499.023  0.982056  4.535522  0.5
498.047  0.97168  4.468384  0.5
497.07  0.97229  4.382324  0.5
496.094  0.97168  4.285278  0.5
495.117  0.97229  4.187622  0.5
494.141  0.97229  4.089966  0.5
493.164  0.97168  3.99292  0.5
492.188  0.97229  3.895874  0.5
491.211  0.97229  3.798828  0.5
490.234  0.97229  3.701172  0.5
489.258  0.97229  3.61145  0.5
488.281  0.97229  3.514404  0.5
487.305  0.97229  3.417358  0.5
486.328  0.97229  3.320923  0.5
485.352  0.97229  3.223877  0.5
484.375  0.97229  3.126831  0.5
483.398  0.97229  3.029785  0.5
482.422  0.97229  2.932739  0.5
481.445  0.9729  2.835693  0.5
480.469  0.9729  2.738647  0.5
479.492  0.9729  2.648926  0.5
478.516  0.9729  2.55188  0.5
477.539  0.9729  2.454834  0.5
476.563  0.97229  2.357788  0.5
475.586  0.97229  2.260742  0.5
474.609  0.97229  2.164307  0.5
473.633  0.97229  2.067871  0.5
472.656  0.97229  1.970825  0.5
471.68  0.97229  1.873779  0.5
470.703  0.97229  1.776733  0.5
469.727  0.97229  1.687012  0.5
468.75  0.97229  1.589966  0.5
467.773  0.97229  1.49292  0.5
466.797  0.9729  1.396484  0.5
465.82  0.97229  1.299438  0.5
464.844  0.9729  1.203003  0.5
463.867  0.9729  1.105957  0.5
462.891  0.9729  1.009521  0.5
461.914  0.9729  0.912476  0.5
460.938  0.9729  0.81543  0.5
459.961  0.97229  0.725098  0.5
458.984  0.97229  0.628052  0.5
458.008  0.97229  0.531616  0.5
457.031  0.97229  0.43457  0.5
456.055  0.97229  0.337524  0.5
455.078  0.97229  0.241089  0.5
454.102  0.97229  0.144653  0.5
453.125  0.97229  0.047607  0.5
452.148  0.97229  -0.049438  0.5
451.172  0.97229  -0.145874  0.5
450.195  0.9729  -0.236816  0.5
449.219  -1.008301  -0.27832  -0.5
448.242  -0.982666  -0.179443  -0.5
447.266  -0.982666  -0.081177  -0.5
446.289  -0.982666  0.016479  -0.5
445.313  -0.982666  0.114746  -0.5
444.336  -0.983276  0.212402  -0.5
443.359  -0.982666  0.310059  -0.5
442.383  -0.983276  0.408325  -0.5
441.406  -0.982666  0.505981  -0.5
440.43  -0.982666  0.597534  -0.5
439.453  -0.983276  0.69519  -0.5
438.477  -0.985107  0.793457  -0.5
437.5  -0.985107  0.891113  -0.5
436.523  -0.985107  0.98938  -0.5
435.547  -0.985107  1.087036  -0.5
434.57  -0.985718  1.185303  -0.5
433.594  -0.985718  1.282959  -0.5
432.617  -0.985718  1.380615  -0.5
431.641  -0.985718  1.478882  -0.5
430.664  -0.985107  1.570435  -0.5
429.688  -0.985718  1.668701  -0.5
428.711  -0.985107  1.766968  -0.5
427.734  -0.985107  1.865234  -0.5
426.758  -0.985107  1.962891  -0.5
425.781  -0.985107  2.060547  -0.5
424.805  -0.985107  2.158813  -0.5
423.828  -0.985107  2.25708  -0.5
422.852  -0.985107  2.355347  -0.5
421.875  -0.985107  2.453003  -0.5
420.898  -0.985107  2.544556  -0.5
419.922  -0.985107  2.642822  -0.5
418.945  -0.985107  2.740479  -0.5
417.969  -0.985107  2.838745  -0.5
416.992  -0.985107  2.936401  -0.5
416.016  -0.985107  3.034058  -0.5
415.039  -0.985107  3.132324  -0.5
414.063  -0.985107  3.230591  -0.5
413.086  -0.985107  3.328247  -0.5
412.109  -0.985107  3.426514  -0.5
411.133  -0.985107  3.52417  -0.5
410.156  -0.985107  3.615723  -0.5
409.18  -0.985107  3.713989  -0.5
408.203  -0.984497  3.812256  -0.5
407.227  -0.984497  3.910522  -0.5
406.25  -0.984497  4.008179  -0.5
405.273  -0.983887  4.106445  -0.5
404.297  -0.983887  4.205322  -0.5
403.32  -0.983887  4.303589  -0.5
402.344  -0.983887  4.34082  -0.5
401.367  -0.983887  4.343262  -0.5
400.391  -0.984497  4.346313  -0.5
399.414  1.043091  4.559326  0.5
398.438  0.97229  4.487305  0.5
397.461  0.97229  4.411011  0.5
396.484  0.97229  4.313354  0.5
395.508  0.97229  4.216309  0.5
394.531  0.97229  4.118652  0.5
393.555  0.97229  4.021606  0.5
392.578  0.97229  3.924561  0.5
391.602  0.97229  3.827515  0.5
390.625  0.97229  3.736572  0.5
389.648  0.97229  3.639526  0.5
388.672  0.97229  3.54248  0.5
387.695  0.97229  3.446045  0.5
386.719  0.97229  3.348999  0.5
385.742  0.97229  3.251343  0.5
384.766  0.97229  3.154907  0.5
383.789  0.9729  3.058472  0.5
382.813  0.9729  2.961426  0.5
381.836  0.9729  2.86499  0.5
380.859  0.9729  2.774048  0.5
379.883  0.97229  2.677002  0.5
378.906  0.9729  2.579956  0.5
377.93  0.97229  2.48291  0.5
376.953  0.97229  2.386475  0.5
375.977  0.97229  2.289429  0.5
375  0.97229  2.192993  0.5
374.023  0.97229  2.095947  0.5
373.047  0.97229  1.998901  0.5
372.07  0.97229  1.901855  0.5
371.094  0.9729  1.812134  0.5
370.117  0.97229  1.715088  0.5
369.141  0.9729  1.618042  0.5
368.164  0.97229  1.521606  0.5
367.188  0.97229  1.424561  0.5
366.211  0.9729  1.327515  0.5
365.234  0.9729  1.231079  0.5
364.258  0.9729  1.134644  0.5
363.281  0.9729  1.038208  0.5
362.305  0.9729  0.940552  0.5
361.328  0.9729  0.85022  0.5
360.352  0.9729  0.753784  0.5
359.375  0.9729  0.656738  0.5
358.398  0.9729  0.559692  0.5
357.422  0.9729  0.463257  0.5
356.445  0.97229  0.366211  0.5
355.469  0.97229  0.269165  0.5
354.492  0.97229  0.172119  0.5
353.516  0.97229  0.075684  0.5
352.539  0.97229  -0.021973  0.5
351.563  0.9729  -0.111694  0.5
350.586  0.97229  -0.20874  0.5
349.609  -0.106201  -0.300293  -0.5
348.633  -0.985107  -0.205078  -0.5
347.656  -0.985107  -0.106201  -0.5
346.68  -0.985107  -0.007935  -0.5
345.703  -0.985107  0.090332  -0.5
344.727  -0.985107  0.188599  -0.5
343.75  -0.984497  0.286865  -0.5
342.773  -0.985107  0.384521  -0.5
341.797  -0.985107  0.476074  -0.5
340.82  -0.985107  0.574341  -0.5
339.844  -0.985107  0.671997  -0.5
338.867  -0.985107  0.770264  -0.5
337.891  -0.985107  0.86853  -0.5
336.914  -0.985107  0.966187  -0.5
335.938  -0.985718  1.064453  -0.5
334.961  -0.985107  1.162109  -0.5
333.984  -0.985718  1.260376  -0.5
333.008  -0.985718  1.358032  -0.5
332.031  -0.985718  1.449585  -0.5
331.055  -0.985107  1.547852  -0.5
330.078  -0.985718  1.645508  -0.5
329.102  -0.985107  1.743774  -0.5
328.125  -0.984497  1.842041  -0.5
327.148  -0.984497  1.939697  -0.5
326.172  -0.985107  2.037964  -0.5
325.195  -0.984497  2.13562  -0.5
324.219  -0.984497  2.233887  -0.5
323.242  -0.985107  2.332153  -0.5
322.266  -0.984497  2.42981  -0.5
321.289  -0.984497  2.521362  -0.5
320.313  -0.983276  2.619019  -0.5
319.336  -0.983276  2.716675  -0.5
318.359  -0.985107  2.814941  -0.5
317.383  -0.985107  2.912598  -0.5
316.406  -0.985107  3.010864  -0.5
315.43  -0.985107  3.108521  -0.5
314.453  -0.985718  3.206177  -0.5
313.477  -0.985107  3.304443  -0.5
312.5  -0.985107  3.40271  -0.5
311.523  -0.985107  3.493652  -0.5
310.547  -0.985107  3.591919  -0.5
309.57  -0.985718  3.690186  -0.5
308.594  -0.985107  3.787842  -0.5
307.617  -0.985107  3.886108  -0.5
306.641  -0.984497  3.984375  -0.5
305.664  -0.984497  4.082642  -0.5
304.688  -0.984497  4.180908  -0.5
303.711  -0.985107  4.279175  -0.5
302.734  -0.984497  4.34021  -0.5
301.758  -0.984497  4.342651  -0.5
300.781  -0.984497  4.346313  -0.5
299.805  -0.984497  4.348755  0.5
298.828  0.97229  4.507446  0.5
297.852  0.97229  4.437866  0.5
296.875  0.97229  4.342041  0.5
295.898  0.97229  4.244995  0.5
294.922  0.97229  4.147339  0.5
293.945  0.97229  4.050293  0.5
292.969  0.97229  3.952637  0.5
291.992  0.97229  3.862305  0.5
291.016  0.97229  3.765259  0.5
290.039  0.97229  3.668213  0.5
289.063  0.97229  3.571167  0.5
288.086  0.97229  3.474121  0.5
287.109  0.9729  3.377075  0.5
286.133  0.9729  3.28064  0.5
285.156  0.9729  3.183594  0.5
284.18  0.9729  3.085938  0.5
283.203  0.97229  2.989502  0.5
282.227  0.9729  2.89917  0.5
281.25  0.9729  2.802734  0.5
280.273  0.9729  2.705688  0.5
279.297  0.9729  2.609253  0.5
278.32  0.97229  2.511597  0.5
277.344  0.97229  2.414551  0.5
276.367  0.97229  2.317505  0.5
275.391  0.97229  2.221069  0.5
274.414  0.97229  2.124634  0.5
273.438  0.97229  2.027588  0.5
272.461  0.97229  1.937256  0.5
271.484  0.97229  1.84021  0.5
270.508  0.97229  1.743774  0.5
269.531  0.97229  1.646729  0.5
268.555  0.97229  1.550293  0.5
267.578  0.97229  1.453247  0.5
266.602  0.97229  1.356201  0.5
265.625  0.9729  1.259766  0.5
264.648  0.9729  1.16272  0.5
263.672  0.9729  1.066284  0.5
262.695  0.9729  0.975342  0.5
261.719  0.9729  0.878906  0.5
260.742  0.9729  0.78186  0.5
259.766  0.9729  0.684814  0.5
258.789  0.9729  0.587769  0.5
257.813  0.97229  0.491333  0.5
256.836  0.9729  0.394897  0.5
255.859  0.97229  0.297852  0.5
254.883  0.9729  0.200806  0.5
253.906  0.97229  0.10437  0.5
252.93  0.97229  0.013428  0.5
251.953  0.97229  -0.083008  0.5
250.977  0.97229  -0.180054  0.5
250  0.97229  -0.2771  0.5
249.023  -0.983887  -0.229492  -0.5
248.047  -0.983276  -0.131226  -0.5
247.07  -0.983276  -0.033569  -0.5
246.094  -0.982666  0.065308  -0.5
245.117  -0.982666  0.162964  -0.5
244.141  -0.982666  0.26123  -0.5
243.164  -0.982666  0.358887  -0.5
242.188  -0.982666  0.450439  -0.5
241.211  -0.983276  0.548706  -0.5
240.234  -0.982666  0.646362  -0.5
239.258  -0.983276  0.744019  -0.5
238.281  -0.982666  0.841675  -0.5
237.305  -0.983276  0.939331  -0.5
236.328  -0.983276  1.036987  -0.5
235.352  -0.983276  1.135254  -0.5
234.375  -0.983887  1.23291  -0.5
233.398  -0.983276  1.330566  -0.5
232.422  -0.983276  1.422119  -0.5
231.445  -0.983276  1.520386  -0.5
230.469  -0.983887  1.618042  -0.5
229.492  -0.983276  1.716309  -0.5
228.516  -0.983276  1.813965  -0.5
227.539  -0.983276  1.911621  -0.5
226.563  -0.983276  2.009277  -0.5
225.586  -0.983276  2.107544  -0.5
224.609  -0.983276  2.2052  -0.5
223.633  -0.982666  2.302856  -0.5
222.656  -0.982666  2.394409  -0.5
221.68  -0.982666  2.492065  -0.5
220.703  -0.982666  2.590332  -0.5
219.727  -0.982666  2.687988  -0.5
218.75  -0.985107  2.786255  -0.5
217.773  -0.985107  2.883911  -0.5
216.797  -0.985107  2.981567  -0.5
215.82  -0.985718  3.079224  -0.5
214.844  -0.985107  3.17688  -0.5
213.867  -0.983276  3.275146  -0.5
212.891  -0.983276  3.366699  -0.5
211.914  -0.983276  3.464966  -0.5
210.938  -0.983276  3.562622  -0.5
209.961  -0.983276  3.660278  -0.5
208.984  -0.982666  3.758545  -0.5
208.008  -0.983276  3.856812  -0.5
207.031  -0.982666  3.954468  -0.5
206.055  -0.982666  4.052734  -0.5
205.078  -0.982666  4.151001  -0.5
204.102  -0.982666  4.249268  -0.5
203.125  -0.982666  4.338989  -0.5
202.148  -0.982666  4.342651  -0.5
201.172  -0.983276  4.345703  -0.5
200.195  -0.982666  4.348145  -0.5
199.219  0.974731  4.522705  0.5
198.242  0.97229  4.455566  0.5
197.266  0.97229  4.365845  0.5
196.289  0.97229  4.268799  0.5
195.313  0.97229  4.171143  0.5
194.336  0.97229  4.073486  0.5
193.359  0.97229  3.983154  0.5
192.383  0.97229  3.886108  0.5
191.406  0.97229  3.789062  0.5
190.43  0.97229  3.692017  0.5
189.453  0.97229  3.594971  0.5
188.477  0.9729  3.497925  0.5
187.5  0.9729  3.400879  0.5
186.523  0.97229  3.303833  0.5
185.547  0.97229  3.207397  0.5
184.57  0.97229  3.110352  0.5
183.594  0.97229  3.02002  0.5
182.617  0.97229  2.922974  0.5
181.641  0.9729  2.826538  0.5
180.664  0.9729  2.728882  0.5
179.688  0.9729  2.631836  0.5
178.711  0.9729  2.5354  0.5
177.734  0.97229  2.438354  0.5
176.758  0.97229  2.341919  0.5
175.781  0.97229  2.244873  0.5
174.805  0.97229  2.147827  0.5
173.828  0.97229  2.057495  0.5
172.852  0.97229  1.960449  0.5
171.875  0.97229  1.863403  0.5
170.898  0.9729  1.766968  0.5
169.922  0.97229  1.669922  0.5
168.945  0.9729  1.573486  0.5
167.969  0.97229  1.47644  0.5
166.992  0.97229  1.380005  0.5
166.016  0.9729  1.282959  0.5
165.039  0.9729  1.185913  0.5
164.063  0.9729  1.095581  0.5
163.086  0.97229  0.999146  0.5
162.109  0.9729  0.9021  0.5
161.133  0.9729  0.805664  0.5
160.156  0.97229  0.708618  0.5
159.18  0.97229  0.611572  0.5
158.203  0.97229  0.515137  0.5
157.227  0.97229  0.418091  0.5
156.25  0.97229  0.321045  0.5
155.273  0.97229  0.223999  0.5
154.297  0.97229  0.126953  0.5
153.32  0.97229  0.037231  0.5
152.344  0.97229  -0.059814  0.5
151.367  0.97229  -0.15625  0.5
150.391  0.9729  -0.252686  0.5
149.414  -0.98938  -0.258789  -0.5
148.438  -0.983276  -0.160522  -0.5
147.461  -0.983276  -0.062866  -0.5
146.484  -0.982666  0.0354  -0.5
145.508  -0.983276  0.133667  -0.5
144.531  -0.983276  0.231934  -0.5
143.555  -0.982666  0.322876  -0.5
142.578  -0.982666  0.421143  -0.5
141.602  -0.982666  0.518799  -0.5
140.625  -0.982666  0.616455  -0.5
139.648  -0.983276  0.714722  -0.5
138.672  -0.982666  0.812378  -0.5
137.695  -0.983276  0.910034  -0.5
136.719  -0.983276  1.008301  -0.5
135.742  -0.983276  1.105957  -0.5
134.766  -0.983276  1.203613  -0.5
133.789  -0.983276  1.295166  -0.5
132.813  -0.983276  1.392822  -0.5
131.836  -0.983276  1.490479  -0.5
130.859  -0.983276  1.588745  -0.5
129.883  -0.983276  1.686401  -0.5
128.906  -0.983276  1.784668  -0.5
127.93  -0.983276  1.882324  -0.5
126.953  -0.983276  1.97998  -0.5
125.977  -0.982666  2.078247  -0.5
125  -0.982666  2.175903  -0.5
124.023  -0.982666  2.267456  -0.5
123.047  -0.982666  2.365112  -0.5
122.07  -0.982666  2.463379  -0.5
121.094  -0.982666  2.561035  -0.5
120.117  -0.983276  2.658691  -0.5
119.141  -0.982666  2.755737  -0.5
118.164  -0.983276  2.854004  -0.5
117.188  -0.983276  2.95166  -0.5
116.211  -0.983276  3.049927  -0.5
115.234  -0.983276  3.147583  -0.5
114.258  -0.983276  3.238525  -0.5
113.281  -0.985107  3.336792  -0.5
112.305  -0.985107  3.434448  -0.5
111.328  -0.985107  3.532715  -0.5
110.352  -0.985107  3.630371  -0.5
109.375  -0.985107  3.728638  -0.5
108.398  -0.983276  3.826904  -0.5
107.422  -0.983276  3.924561  -0.5
106.445  -0.982666  4.022827  -0.5
105.469  -0.982666  4.121704  -0.5
104.492  -0.982666  4.213257  -0.5
103.516  -0.982666  4.311523  -0.5
102.539  -0.982666  4.341431  -0.5
101.563  -0.982666  4.344482  -0.5
100.586  -0.982666  4.347534  -0.5
99.609  0.991211  4.542847  0.5
98.633  0.97229  4.472656  0.5
97.656  0.97229  4.390869  0.5
96.68  0.97229  4.293823  0.5
95.703  0.97168  4.195557  0.5
94.727  0.97229  4.105225  0.5
93.75  0.97229  4.007568  0.5
92.773  0.97229  3.910522  0.5
91.797  0.97229  3.813477  0.5
90.82  0.97229  3.716431  0.5
89.844  0.97229  3.619385  0.5
88.867  0.97229  3.522339  0.5
87.891  0.97229  3.425903  0.5
86.914  0.97229  3.328857  0.5
85.938  0.9729  3.231812  0.5
84.961  0.9729  3.141479  0.5
83.984  0.9729  3.044434  0.5
83.008  0.9729  2.947998  0.5
82.031  0.9729  2.850952  0.5
81.055  0.9729  2.753906  0.5
80.078  0.97229  2.65686  0.5
79.102  0.97229  2.560425  0.5
78.125  0.9729  2.463379  0.5
77.148  0.97229  2.366333  0.5
76.172  0.97229  2.269287  0.5
75.195  0.97229  2.172852  0.5
74.219  0.97229  2.081909  0.5
73.242  0.97229  1.985474  0.5
72.266  0.97229  1.888428  0.5
71.289  0.97229  1.791382  0.5
70.313  0.97229  1.694946  0.5
69.336  0.97229  1.5979  0.5
68.359  0.97229  1.501465  0.5
67.383  0.9729  1.404419  0.5
66.406  0.9729  1.307373  0.5
65.43  0.97229  1.210938  0.5
64.453  0.9729  1.120605  0.5
63.477  0.9729  1.02417  0.5
62.5  0.97229  0.927124  0.5
61.523  0.9729  0.830688  0.5
60.547  0.97229  0.733643  0.5
59.57  0.9729  0.636597  0.5
58.594  0.9729  0.540161  0.5
57.617  0.9729  0.443115  0.5
56.641  0.9729  0.346069  0.5
55.664  0.97229  0.249023  0.5
54.688  0.97229  0.158691  0.5
53.711  0.97229  0.062256  0.5
52.734  0.97229  -0.0354  0.5
51.758  0.97229  -0.132446  0.5
50.781  0.97229  -0.228271  0.5
49.805  -1.033936  -0.287476  -0.5
48.828  -0.983887  -0.189209  -0.5
47.852  -0.984497  -0.090942  -0.5
46.875  -0.983887  0.007324  -0.5
45.898  -0.984497  0.106201  -0.5
44.922  -0.984497  0.197754  -0.5
43.945  -0.984497  0.296021  -0.5
42.969  -0.984497  0.393677  -0.5
41.992  -0.984497  0.491333  -0.5
41.016  -0.984497  0.5896  -0.5
40.039  -0.985107  0.687256  -0.5
39.063  -0.985107  0.785522  -0.5
38.086  -0.985107  0.883179  -0.5
37.109  -0.985107  0.981445  -0.5
36.133  -0.985107  1.079102  -0.5
35.156  -0.985107  1.170654  -0.5
34.18  -0.985107  1.268311  -0.5
33.203  -0.985107  1.366577  -0.5
32.227  -0.985107  1.464233  -0.5
31.25  -0.985107  1.5625  -0.5
30.273  -0.985107  1.660156  -0.5
29.297  -0.985107  1.758423  -0.5
28.32  -0.985107  1.856689  -0.5
27.344  -0.985107  1.954956  -0.5
26.367  -0.984497  2.052612  -0.5
25.391  -0.985107  2.143555  -0.5
24.414  -0.984497  2.241821  -0.5
23.438  -0.984497  2.340088  -0.5
22.461  -0.984497  2.437744  -0.5
21.484  -0.983887  2.536011  -0.5
20.508  -0.984497  2.633667  -0.5
19.531  -0.984497  2.731323  -0.5
18.555  -0.983887  2.828979  -0.5
17.578  -0.984497  2.927246  -0.5
16.602  -0.984497  3.025513  -0.5
15.625  -0.985107  3.116455  -0.5
14.648  -0.984497  3.214722  -0.5
13.672  -0.984497  3.312378  -0.5
12.695  -0.984497  3.410645  -0.5
11.719  -0.984497  3.508301  -0.5
10.742  -0.985107  3.607178  -0.5
9.766  -0.984497  3.704834  -0.5
8.789  -0.985107  3.80249  -0.5
7.813  -0.984497  3.900757  -0.5
6.836  -0.984497  3.999634  -0.5
5.859  -0.984497  4.090576  -0.5
4.883  -0.984497  4.189453  -0.5
3.906  -0.983276  4.28772  -0.5
2.93  -0.983276  4.34082  -0.5
1.953  -0.983887  4.343262  -0.5
0  0.587769  4.567871  -0.5
-1.953  0.97229  4.420166  0.5
-2.93  0.97229  4.32251  0.5
-3.906  0.97229  4.231567  0.5
-4.883  0.97229  4.134521  0.5
-5.859  0.97229  4.036865  0.5
-6.836  0.97229  3.939819  0.5
-7.813  0.9729  3.842773  0.5
-8.789  0.97229  3.745728  0.5
-9.766  0.97229  3.648071  0.5
-10.742  0.9729  3.551636  0.5
-11.719  0.9729  3.45459  0.5
-12.695  0.97229  3.357544  0.5
-13.672  0.9729  3.260498  0.5
-14.648  0.9729  3.170166  0.5
-15.625  0.9729  3.07373  0.5
-16.602  0.9729  2.976685  0.5
-17.578  0.9729  2.879639  0.5
-18.555  0.9729  2.782593  0.5
-19.531  0.9729  2.685547  0.5
-20.508  0.9729  2.588501  0.5
-21.484  0.9729  2.492065  0.5
-22.461  0.97229  2.39563  0.5
-23.438  0.97229  2.297974  0.5
-24.414  0.9729  2.207642  0.5
-25.391  0.97229  2.110596  0.5
-26.367  0.97229  2.01416  0.5
-27.344  0.97229  1.917114  0.5
-28.32  0.97229  1.820679  0.5
-29.297  0.97229  1.723633  0.5
-30.273  0.97229  1.627197  0.5
-31.25  0.97229  1.530151  0.5
-32.227  0.97229  1.433716  0.5
-33.203  0.9729  1.33667  0.5
-34.18  0.97229  1.245728  0.5
-35.156  0.9729  1.149292  0.5
-36.133  0.9729  1.052246  0.5
-37.109  0.9729  0.955811  0.5
-38.086  0.9729  0.858765  0.5
-39.063  0.9729  0.762329  0.5
-40.039  0.9729  0.665283  0.5
-41.016  0.9729  0.568237  0.5
-41.992  0.97229  0.471191  0.5
-42.969  0.9729  0.374756  0.5
-43.945  0.97229  0.284424  0.5
-44.922  0.97229  0.187378  0.5
-45.898  0.97229  0.090942  0.5
-46.875  0.9729  -0.006104  0.5
-47.852  0.9729  -0.103149  0.5
-48.828  0.9729  -0.199585  0.5
-49.805  0.847168  -0.296021  0.5
-50.781  -0.982666  -0.213623  -0.5
-51.758  -0.982666  -0.115356  -0.5
-52.734  -0.982666  -0.0177  -0.5
-53.711  -0.982666  0.074463  -0.5
-54.688  -0.982666  0.172119  -0.5
-55.664  -0.982666  0.269775  -0.5
-56.641  -0.982666  0.368042  -0.5
-57.617  -0.982666  0.465698  -0.5
-58.594  -0.982666  0.563965  -0.5
-59.57  -0.983276  0.661621  -0.5
-60.547  -0.983276  0.759888  -0.5
-61.523  -0.983276  0.857544  -0.5
-62.5  -0.983276  0.9552  -0.5
-63.477  -0.983276  1.046753  -0.5
-64.453  -0.983276  1.144409  -0.5
-65.43  -0.983276  1.242065  -0.5
-66.406  -0.983276  1.339722  -0.5
-67.383  -0.983276  1.437988  -0.5
-68.359  -0.983276  1.535645  -0.5
-69.336  -0.983276  1.633301  -0.5
-70.313  -0.982666  1.730957  -0.5
-71.289  -0.982666  1.829224  -0.5
-72.266  -0.983276  1.92688  -0.5
-73.242  -0.983276  2.019043  -0.5
-74.219  -0.982666  2.116699  -0.5
-75.195  -0.982666  2.214355  -0.5
-76.172  -0.984497  2.312012  -0.5
-77.148  -0.985107  2.410278  -0.5
-78.125  -0.985107  2.508545  -0.5
-79.102  -0.985107  2.606201  -0.5
-80.078  -0.985107  2.704468  -0.5
-81.055  -0.985107  2.802734  -0.5
-82.031  -0.985107  2.900391  -0.5
-83.008  -0.985107  2.991333  -0.5
-83.984  -0.985107  3.088989  -0.5
-84.961  -0.985107  3.187256  -0.5
-85.938  -0.985107  3.284912  -0.5
-86.914  -0.985107  3.383179  -0.5
-87.891  -0.985107  3.481445  -0.5
-88.867  -0.985107  3.579102  -0.5
-89.844  -0.985107  3.677979  -0.5
-90.82  -0.985107  3.776245  -0.5
-91.797  -0.985107  3.873901  -0.5
-92.773  -0.985107  3.972168  -0.5
-93.75  -0.985107  4.064331  -0.5
-94.727  -0.985107  4.161987  -0.5
-95.703  -0.985107  4.260254  -0.5
-96.68  -0.985107  4.34021  -0.5
-97.656  -0.985107  4.342651  -0.5
-98.633  -0.985107  4.345703  -0.5
-99.609  -0.985107  4.348145  -0.5
-100.586  0.9729  4.511719  0.5
-101.563  0.97229  4.44397  0.5
-102.539  0.97229  4.348755  0.5
-103.516  0.97168  4.258423  0.5
-104.492  0.97229  4.160767  0.5
-105.469  0.97229  4.06311  0.5
-106.445  0.97229  3.966064  0.5
-107.422  0.97229  3.869019  0.5
-108.398  0.97229  3.771973  0.5
-109.375  0.97229  3.674927  0.5
-110.352  0.97229  3.577881  0.5
-111.328  0.97229  3.481445  0.5
-112.305  0.97229  3.383789  0.5
-113.281  0.9729  3.294067  0.5
-114.258  0.9729  3.197021  0.5
-115.234  0.9729  3.099976  0.5
-116.211  0.9729  3.00293  0.5
-117.188  0.9729  2.906494  0.5
-118.164  0.9729  2.809448  0.5
-119.141  0.9729  2.712402  0.5
-120.117  0.9729  2.615356  0.5
-121.094  0.97229  2.518311  0.5
-122.07  0.9729  2.421265  0.5
-123.047  0.97229  2.330933  0.5
-124.023  0.97229  2.233887  0.5
-125  0.97229  2.137451  0.5
-125.977  0.97229  2.041016  0.5
-126.953  0.97229  1.94397  0.5
-127.93  0.97229  1.847534  0.5
-128.906  0.97229  1.750488  0.5
-129.883  0.97229  1.653442  0.5
-130.859  0.97229  1.556396  0.5
-131.836  0.97229  1.459961  0.5
-132.813  0.9729  1.369019  0.5
-133.789  0.9729  1.273193  0.5
-134.766  0.97229  1.175537  0.5
-135.742  0.9729  1.079102  0.5
-136.719  0.9729  0.982666  0.5
-137.695  0.97229  0.88562  0.5
-138.672  0.97229  0.788574  0.5
-139.648  0.97229  0.691528  0.5
-140.625  0.9729  0.594482  0.5
-141.602  0.9729  0.498047  0.5
-142.578  0.97229  0.407715  0.5
-143.555  0.97229  0.310669  0.5
-144.531  0.9729  0.214233  0.5
-145.508  0.9729  0.117188  0.5
-146.484  0.97229  0.020752  0.5
-147.461  0.97229  -0.076294  0.5
-148.438  0.97229  -0.17334  0.5
-149.414  0.97229  -0.270386  0.5
-150.391  -0.985107  -0.241089  -0.5
-151.367  -0.983276  -0.142212  -0.5
-152.344  -0.983276  -0.05127  -0.5
-153.32  -0.982666  0.047607  -0.5
-154.297  -0.982666  0.145874  -0.5
-155.273  -0.982666  0.24292  -0.5
-156.25  -0.983276  0.341187  -0.5
-157.227  -0.983276  0.438843  -0.5
-158.203  -0.983276  0.537109  -0.5
-159.18  -0.983276  0.634766  -0.5
-160.156  -0.983276  0.732422  -0.5
-161.133  -0.983276  0.830688  -0.5
-162.109  -0.983276  0.922241  -0.5
-163.086  -0.983276  1.019287  -0.5
-164.063  -0.983276  1.116943  -0.5
-165.039  -0.983276  1.21521  -0.5
-166.016  -0.985718  1.312866  -0.5
-166.992  -0.985107  1.411133  -0.5
-167.969  -0.985107  1.509399  -0.5
-168.945  -0.985107  1.607056  -0.5
-169.922  -0.985718  1.705322  -0.5
-170.898  -0.985107  1.803589  -0.5
-171.875  -0.984497  1.894531  -0.5
-172.852  -0.985107  1.992798  -0.5
-173.828  -0.984497  2.090454  -0.5
-174.805  -0.984497  2.188721  -0.5
-175.781  -0.983887  2.286987  -0.5
-176.758  -0.983276  2.385254  -0.5
-177.734  -0.984497  2.48291  -0.5
-178.711  -0.984497  2.580566  -0.5
-179.688  -0.984497  2.678223  -0.5
-180.664  -0.984497  2.776489  -0.5
-181.641  -0.984497  2.874146  -0.5
-182.617  -0.985107  2.965698  -0.5
-183.594  -0.984497  3.063354  -0.5
-184.57  -0.985107  3.161621  -0.5
-185.547  -0.984497  3.259277  -0.5
-186.523  -0.984497  3.357544  -0.5
-187.5  -0.985107  3.455811  -0.5
-188.477  -0.984497  3.552856  -0.5
-189.453  -0.985107  3.651123  -0.5
-190.43  -0.985107  3.74939  -0.5
-191.406  -0.985107  3.847656  -0.5
-192.383  -0.984497  3.939209  -0.5
-193.359  -0.984497  4.037476  -0.5
-194.336  -0.983276  4.135742  -0.5
-195.313  -0.982666  4.234009  -0.5
-196.289  -0.982666  4.332275  -0.5
-197.266  -0.982666  4.342041  -0.5
-198.242  -0.982666  4.345703  -0.5
-199.219  -0.982666  4.348145  -0.5
-200.195  0.977173  4.528198  0.5
-201.172  0.97229  4.46228  0.5
-202.148  0.97229  4.381714  0.5
-203.125  0.97229  4.284058  0.5
-204.102  0.97229  4.186401  0.5
-205.078  0.97229  4.089355  0.5
-206.055  0.97229  3.991699  0.5
-207.031  0.97229  3.894653  0.5
-208.008  0.97229  3.797607  0.5
-208.984  0.97229  3.701172  0.5
-209.961  0.97229  3.603516  0.5
-210.938  0.97229  3.50708  0.5
-211.914  0.9729  3.416748  0.5
-212.891  0.9729  3.319702  0.5
-213.867  0.9729  3.222656  0.5
-214.844  0.9729  3.12561  0.5
-215.82  0.9729  3.029175  0.5
-216.797  0.9729  2.932129  0.5
-217.773  0.9729  2.835083  0.5
-218.75  0.9729  2.738037  0.5
-219.727  0.9729  2.641602  0.5
-220.703  0.9729  2.544556  0.5
-221.68  0.9729  2.454224  0.5
-222.656  0.9729  2.357178  0.5
-223.633  0.97229  2.260132  0.5
-224.609  0.97229  2.163086  0.5
-225.586  0.97229  2.06665  0.5
-226.563  0.97229  1.970215  0.5
-227.539  0.97229  1.873169  0.5
-228.516  0.97229  1.776123  0.5
-229.492  0.97229  1.679688  0.5
-230.469  0.9729  1.582642  0.5
-231.445  0.9729  1.49231  0.5
-232.422  0.97229  1.395264  0.5
-233.398  0.97229  1.298828  0.5
-234.375  0.97229  1.202393  0.5
-235.352  0.9729  1.105347  0.5
-236.328  0.9729  1.008301  0.5
-237.305  0.9729  0.911865  0.5
-238.281  0.9729  0.814819  0.5
-239.258  0.9729  0.717773  0.5
-240.234  0.9729  0.620728  0.5
-241.211  0.9729  0.531006  0.5
-242.188  0.97229  0.43396  0.5
-243.164  0.97229  0.337524  0.5
-244.141  0.97229  0.240479  0.5
-245.117  0.97229  0.143433  0.5
-246.094  0.97229  0.046997  0.5
-247.07  0.97229  -0.050659  0.5
-248.047  0.97229  -0.147095  0.5
-249.023  0.97229  -0.244141  0.5
-250  -0.996094  -0.267944  0.5
-250.977  -0.982666  -0.175781  -0.5
-251.953  -0.983276  -0.078125  -0.5
-252.93  -0.983276  0.020142  -0.5
-253.906  -0.983276  0.117798  -0.5
-254.883  -0.983276  0.216064  -0.5
-255.859  -0.983276  0.313721  -0.5
-256.836  -0.982666  0.411987  -0.5
-257.813  -0.982666  0.510254  -0.5
-258.789  -0.982666  0.60791  -0.5
-259.766  -0.982666  0.706177  -0.5
-260.742  -0.983276  0.803833  -0.5
-261.719  -0.983276  0.894775  -0.5
-262.695  -0.983276  0.992432  -0.5
-263.672  -0.983276  1.090088  -0.5
-264.648  -0.983276  1.188354  -0.5
-265.625  -0.983276  1.286011  -0.5
-266.602  -0.983276  1.383667  -0.5
-267.578  -0.983276  1.481934  -0.5
-268.555  -0.983276  1.57959  -0.5
-269.531  -0.983887  1.677856  -0.5
-270.508  -0.983887  1.775513  -0.5
-271.484  -0.983276  1.867065  -0.5
-272.461  -0.983276  1.964722  -0.5
-273.438  -0.983276  2.062378  -0.5
-274.414  -0.983276  2.160645  -0.5
-275.391  -0.983276  2.258911  -0.5
-276.367  -0.982666  2.356567  -0.5
-277.344  -0.983276  2.454224  -0.5
-278.32  -0.983276  2.55249  -0.5
-279.297  -0.983276  2.649536  -0.5
-280.273  -0.982666  2.747803  -0.5
-281.25  -0.983276  2.838745  -0.5
-282.227  -0.983276  2.937012  -0.5
-283.203  -0.983276  3.034058  -0.5
-284.18  -0.983276  3.131714  -0.5
-285.156  -0.983887  3.22998  -0.5
-286.133  -0.983276  3.327637  -0.5
-287.109  -0.983276  3.425903  -0.5
-288.086  -0.983276  3.52356  -0.5
-289.063  -0.983276  3.621216  -0.5
-290.039  -0.983276  3.719482  -0.5
-291.016  -0.983276  3.811035  -0.5
-291.992  -0.982666  3.908691  -0.5
-292.969  -0.983276  4.006958  -0.5
-293.945  -0.982666  4.105225  -0.5
-294.922  -0.983276  4.203491  -0.5
-295.898  -0.983276  4.301758  -0.5
-296.875  -0.983276  4.341431  -0.5
-297.852  -0.982666  4.344482  -0.5
-298.828  -0.982666  4.346924  -0.5
-299.805  1.008911  4.549561  -0.5
-300.781  0.97229  4.484253  0.5
-301.758  0.97229  4.406128  0.5
-302.734  0.97229  4.308472  0.5
-303.711  0.97229  4.210815  0.5
-304.688  0.97229  4.11377  0.5
-305.664  0.97168  4.016113  0.5
-306.641  0.97229  3.919067  0.5
-307.617  0.97229  3.822021  0.5
-308.594  0.97229  3.724976  0.5
-309.57  0.97229  3.62793  0.5
-310.547  0.97229  3.537598  0.5
-311.523  0.97229  3.440552  0.5
-312.5  0.97229  3.343506  0.5
-313.477  0.97229  3.24646  0.5
-314.453  0.97229  3.150024  0.5
-315.43  0.97229  3.052979  0.5
-316.406  0.97229  2.955933  0.5
-317.383  0.9729  2.859497  0.5
-318.359  0.97229  2.762451  0.5
-319.336  0.97229  2.665405  0.5
-320.313  0.97229  2.575073  0.5
-321.289  0.9729  2.478027  0.5
-322.266  0.97229  2.381592  0.5
-323.242  0.97229  2.284546  0.5
-324.219  0.97229  2.1875  0.5
-325.195  0.97229  2.090454  0.5
-326.172  0.97229  1.994019  0.5
-327.148  0.97229  1.896973  0.5
-328.125  0.97229  1.800537  0.5
-329.102  0.97229  1.702881  0.5
-330.078  0.97229  1.612549  0.5
-331.055  0.97229  1.516113  0.5
-332.031  0.97229  1.419678  0.5
-333.008  0.9729  1.322632  0.5
-333.984  0.9729  1.225586  0.5
-334.961  0.97229  1.12915  0.5
-335.938  0.9729  1.032104  0.5
-336.914  0.9729  0.935669  0.5
-337.891  0.9729  0.839233  0.5
-338.867  0.9729  0.742188  0.5
-339.844  0.9729  0.651245  0.5
-340.82  0.9729  0.55481  0.5
-341.797  0.97229  0.457764  0.5
-342.773  0.97229  0.360718  0.5
-343.75  0.97229  0.263672  0.5
-344.727  0.97229  0.167236  0.5
-345.703  0.97229  0.070801  0.5
-346.68  0.97229  -0.026855  0.5
-347.656  0.97229  -0.123291  0.5
-348.633  0.97229  -0.220337  0.5
-349.609  -0.985718  -0.297241  0.5
-350.586  -0.985107  -0.205078  -0.5
-351.563  -0.985107  -0.107422  -0.5
-352.539  -0.985107  -0.008545  -0.5
-353.516  -0.985107  0.089722  -0.5
-354.492  -0.985107  0.187378  -0.5
-355.469  -0.985107  0.285645  -0.5
-356.445  -0.985107  0.384521  -0.5
-357.422  -0.984497  0.482178  -0.5
-358.398  -0.984497  0.580444  -0.5
-359.375  -0.985107  0.678711  -0.5
-360.352  -0.985107  0.769653  -0.5
-361.328  -0.985107  0.86792  -0.5
-362.305  -0.985107  0.965576  -0.5
-363.281  -0.985107  1.063232  -0.5
-364.258  -0.985107  1.161499  -0.5
-365.234  -0.985107  1.259766  -0.5
-366.211  -0.985107  1.357422  -0.5
-367.188  -0.985107  1.455688  -0.5
-368.164  -0.984497  1.553345  -0.5
-369.141  -0.983276  1.651611  -0.5
-370.117  -0.983276  1.743164  -0.5
-371.094  -0.983276  1.84082  -0.5
-372.07  -0.983276  1.938477  -0.5
-373.047  -0.982666  2.036743  -0.5
-374.023  -0.982666  2.134399  -0.5
-375  -0.982666  2.232056  -0.5
-375.977  -0.984497  2.330322  -0.5
-376.953  -0.985107  2.427979  -0.5
-377.93  -0.985107  2.525635  -0.5
-378.906  -0.985107  2.623901  -0.5
-379.883  -0.985107  2.715454  -0.5
-380.859  -0.984497  2.813721  -0.5
-381.836  -0.984497  2.911377  -0.5
-382.813  -0.984497  3.009033  -0.5
-383.789  -0.984497  3.106689  -0.5
-384.766  -0.985107  3.204956  -0.5
-385.742  -0.985107  3.302612  -0.5
-386.719  -0.985107  3.400879  -0.5
-387.695  -0.985107  3.498535  -0.5
-388.672  -0.985107  3.596191  -0.5
-389.648  -0.984497  3.688354  -0.5
-390.625  -0.985107  3.786621  -0.5
-391.602  -0.984497  3.884888  -0.5
-392.578  -0.984497  3.982544  -0.5
-393.555  -0.985107  4.080811  -0.5
-394.531  -0.984497  4.179688  -0.5
-395.508  -0.984497  4.277954  -0.5
-396.484  -0.982666  4.34082  -0.5
-397.461  -0.982666  4.343262  -0.5
-398.438  -0.982666  4.346313  -0.5
-399.414  -0.959473  4.349365  -0.5
-400.391  0.9729  4.503784  0.5
-401.367  0.97229  4.433594  0.5
-402.344  0.97229  4.337158  0.5
-403.32  0.97229  4.239502  0.5
-404.297  0.97229  4.142456  0.5
-405.273  0.97229  4.0448  0.5
-406.25  0.97229  3.947754  0.5
-407.227  0.97229  3.850708  0.5
-408.203  0.9729  3.753662  0.5
-409.18  0.97229  3.66272  0.5
-410.156  0.97229  3.565674  0.5
-411.133  0.97229  3.468628  0.5
-412.109  0.97229  3.372192  0.5
-413.086  0.97229  3.275146  0.5
-414.063  0.9729  3.178711  0.5
-415.039  0.97229  3.081665  0.5
-416.016  0.97229  2.984619  0.5
-416.992  0.97229  2.888184  0.5
-417.969  0.97229  2.790527  0.5
-418.945  0.9729  2.700195  0.5
-419.922  0.97229  2.603149  0.5
-420.898  0.9729  2.506104  0.5
-421.875  0.9729  2.409668  0.5
-422.852  0.97229  2.312622  0.5
-423.828  0.97229  2.215576  0.5
-424.805  0.97229  2.119141  0.5
-425.781  0.97229  2.022095  0.5
-426.758  0.97229  1.925659  0.5
-427.734  0.97229  1.828613  0.5
-428.711  0.97229  1.731567  0.5
-429.688  0.97229  1.641235  0.5
-430.664  0.97229  1.544189  0.5
-431.641  0.97229  1.447754  0.5
-432.617  0.97229  1.350708  0.5
-433.594  0.97229  1.254272  0.5
-434.57  0.9729  1.157227  0.5
-435.547  0.9729  1.060791  0.5
-436.523  0.9729  0.963745  0.5
-437.5  0.9729  0.86731  0.5
-438.477  0.9729  0.770264  0.5
-439.453  0.97229  0.679932  0.5
-440.43  0.97229  0.583496  0.5
-441.406  0.97229  0.48645  0.5
-442.383  0.97229  0.390015  0.5
-443.359  0.97229  0.292358  0.5
-444.336  0.97229  0.195923  0.5
-445.313  0.97229  0.098877  0.5
-446.289  0.97229  0.001831  0.5
-447.266  0.97229  -0.094604  0.5
-448.242  0.97229  -0.19165  0.5
-449.219  0.97229  -0.281372  0.5
-450.195  -0.983887  -0.229492  -0.5
-451.172  -0.983276  -0.131836  -0.5
-452.148  -0.983276  -0.033569  -0.5
-453.125  -0.982666  0.064697  -0.5
-454.102  -0.983276  0.162964  -0.5
-455.078  -0.982666  0.26062  -0.5
-456.055  -0.983276  0.358887  -0.5
-457.031  -0.983276  0.456543  -0.5
-458.008  -0.982666  0.554199  -0.5
-458.984  -0.983276  0.645752  -0.5
-459.961  -0.983276  0.744019  -0.5
-460.938  -0.983276  0.841675  -0.5
-461.914  -0.983887  0.938721  -0.5
-462.891  -0.983276  1.036987  -0.5
-463.867  -0.983276  1.134644  -0.5
-464.844  -0.983276  1.2323  -0.5
-465.82  -0.983276  1.329956  -0.5
-466.797  -0.983276  1.428223  -0.5
-467.773  -0.983276  1.525879  -0.5
-468.75  -0.983887  1.617432  -0.5
-469.727  -0.983276  1.715698  -0.5
-470.703  -0.983276  1.813354  -0.5
-471.68  -0.983276  1.911011  -0.5
-472.656  -0.983276  2.008667  -0.5
-473.633  -0.983276  2.106934  -0.5
-474.609  -0.983276  2.20459  -0.5
-475.586  -0.982666  2.302856  -0.5
-476.563  -0.983276  2.400513  -0.5
-477.539  -0.982666  2.498169  -0.5
-478.516  -0.983276  2.589722  -0.5
-479.492  -0.983276  2.687378  -0.5
-480.469  -0.983276  2.785034  -0.5
-481.445  -0.983276  2.88269  -0.5
-482.422  -0.983276  2.980957  -0.5
-483.398  -0.983276  3.078003  -0.5
-484.375  -0.983276  3.175659  -0.5
-485.352  -0.983276  3.273926  -0.5
-486.328  -0.983276  3.371582  -0.5
-487.305  -0.983276  3.469849  -0.5
-488.281  -0.983276  3.560791  -0.5
-489.258  -0.983276  3.659058  -0.5
-490.234  -0.983276  3.756714  -0.5
-491.211  -0.983276  3.85498  -0.5
-492.188  -0.983276  3.953247  -0.5
-493.164  -0.982666  4.050903  -0.5
-494.141  -0.983276  4.14917  -0.5
-495.117  -0.983276  4.247437  -0.5
-496.094  -0.982666  4.34021  -0.5
-497.07  -0.982666  4.342651  -0.5
-498.047  -0.982666  4.345093  -0.5
-499.023  -0.982666  4.348145  -0.5
