time	V(vin)	V(vout)
0.000000000000000e+000	-2.000000e+000	8.476923e+000
9.999999824516700e-015	-2.000000e+000	8.476922e+000
1.999999964903340e-014	-2.000000e+000	8.476922e+000
3.999999929806680e-014	-2.000000e+000	8.476922e+000
1.599999971922672e-013	-2.000000e+000	8.476922e+000
3.199999943845344e-013	-2.000000e+000	8.476922e+000
6.399999887690688e-013	-2.000000e+000	8.476922e+000
1.000000000000000e-012	-2.000000e+000	8.476922e+000
2.000000000000000e-012	2.000000e+000	8.477695e+000
9.120545805212880e-005	2.000000e+000	8.481340e+000
1.824109141042576e-004	2.000000e+000	8.481982e+000
2.736163701563864e-004	2.000000e+000	8.479620e+000
3.648218262085152e-004	2.000000e+000	8.474255e+000
4.560272822606440e-004	2.000000e+000	8.465887e+000
5.472327383127727e-004	2.000000e+000	8.454515e+000
6.384381943649013e-004	2.000000e+000	8.440140e+000
6.540631943649013e-004	2.000000e+000	8.434723e+000
6.696881943649013e-004	2.000000e+000	8.428213e+000
6.853131943649014e-004	2.000000e+000	8.420142e+000
7.009381943649014e-004	2.000000e+000	8.409781e+000
7.165631943649014e-004	2.000000e+000	8.396064e+000
7.321881943649014e-004	2.000000e+000	8.377785e+000
7.478131943649014e-004	2.000000e+000	8.354789e+000
7.581791095676507e-004	2.000000e+000	8.337109e+000
7.659105378780476e-004	2.000000e+000	8.322836e+000
7.726825908883410e-004	2.000000e+000	8.309887e+000
7.794398699881511e-004	2.000000e+000	8.296719e+000
7.884385366820954e-004	2.000000e+000	8.278983e+000
7.974089116998578e-004	2.000000e+000	8.261178e+000
8.113383138379201e-004	2.000000e+000	8.233411e+000
8.269633138379201e-004	2.000000e+000	8.202203e+000
8.516828407182173e-004	2.000000e+000	8.152774e+000
8.764023675985143e-004	2.000000e+000	8.103343e+000
9.011218944788115e-004	2.000000e+000	8.053910e+000
9.258414213591087e-004	2.000000e+000	8.004475e+000
9.505609482394058e-004	2.000000e+000	7.955039e+000
9.752804751197029e-004	2.000000e+000	7.905600e+000
1.000000002000000e-003	2.000000e+000	7.856160e+000
1.000000003000000e-003	-2.000000e+000	7.334355e+000
1.000002998919988e-003	-2.000000e+000	7.337140e+000
1.000005994839976e-003	-2.000000e+000	7.341956e+000
1.000008990759964e-003	-2.000000e+000	7.348802e+000
1.000011986679952e-003	-2.000000e+000	7.357679e+000
1.000014982599940e-003	-2.000000e+000	7.368587e+000
1.000017978519928e-003	-2.000000e+000	7.381525e+000
1.000020974439916e-003	-2.000000e+000	7.396494e+000
1.000031229996854e-003	-2.000000e+000	7.449730e+000
1.000057150431261e-003	-2.000000e+000	7.601054e+000
1.000072635007725e-003	-2.000000e+000	7.682563e+000
1.000087073369987e-003	-2.000000e+000	7.745167e+000
1.000103749134834e-003	-2.000000e+000	7.799501e+000
1.000119674747241e-003	-2.000000e+000	7.834669e+000
1.000138265431426e-003	-2.000000e+000	7.858374e+000
1.000159248208380e-003	-2.000000e+000	7.871305e+000
1.000171580071722e-003	-2.000000e+000	7.873795e+000
1.000180483948116e-003	-2.000000e+000	7.873543e+000
1.000189625789918e-003	-2.000000e+000	7.872360e+000
1.000200087473348e-003	-2.000000e+000	7.870442e+000
1.000224061478650e-003	-2.000000e+000	7.865420e+000
1.000237260726710e-003	-2.000000e+000	7.862890e+000
1.000251268745508e-003	-2.000000e+000	7.860643e+000
1.000266210663399e-003	-2.000000e+000	7.858807e+000
1.000282128134372e-003	-2.000000e+000	7.857456e+000
1.000299567122386e-003	-2.000000e+000	7.856576e+000
1.000320153729152e-003	-2.000000e+000	7.856078e+000
1.000335345109265e-003	-2.000000e+000	7.855977e+000
1.000351148717539e-003	-2.000000e+000	7.856038e+000
1.000370209948659e-003	-2.000000e+000	7.856197e+000
1.000413574604181e-003	-2.000000e+000	7.856589e+000
1.000439220195224e-003	-2.000000e+000	7.856754e+000
1.000470998382942e-003	-2.000000e+000	7.856884e+000
1.000516533630518e-003	-2.000000e+000	7.856997e+000
1.000716860400922e-003	-2.000000e+000	7.857374e+000
1.163597949750144e-003	-2.000000e+000	8.183105e+000
1.179222949750144e-003	-2.000000e+000	8.214328e+000
1.194847949750144e-003	-2.000000e+000	8.245489e+000
1.210472949750144e-003	-2.000000e+000	8.276453e+000
1.226097949750144e-003	-2.000000e+000	8.306920e+000
1.238051307231847e-003	-2.000000e+000	8.329430e+000
1.247834775849452e-003	-2.000000e+000	8.346744e+000
1.257441886942906e-003	-2.000000e+000	8.362191e+000
1.267843723941610e-003	-2.000000e+000	8.376580e+000
1.282989489950128e-003	-2.000000e+000	8.393578e+000
1.298614489950128e-003	-2.000000e+000	8.407181e+000
1.314239489950128e-003	-2.000000e+000	8.417511e+000
1.329864489950128e-003	-2.000000e+000	8.425531e+000
1.345489489950128e-003	-2.000000e+000	8.431911e+000
1.376739489950128e-003	-2.000000e+000	8.441522e+000
1.403525204235842e-003	-2.000000e+000	8.447141e+000
1.430310918521557e-003	-2.000000e+000	8.452109e+000
1.457096632807271e-003	-2.000000e+000	8.456425e+000
1.483882347092985e-003	-2.000000e+000	8.460090e+000
1.510668061378700e-003	-2.000000e+000	8.463103e+000
1.537453775664414e-003	-2.000000e+000	8.465465e+000
1.564239489950128e-003	-2.000000e+000	8.467175e+000
1.626490991528681e-003	-2.000000e+000	8.470493e+000
1.688742493107235e-003	-2.000000e+000	8.473163e+000
1.750993994685788e-003	-2.000000e+000	8.475184e+000
1.813245496264341e-003	-2.000000e+000	8.476558e+000
1.875496997842894e-003	-2.000000e+000	8.477284e+000
1.937748499421447e-003	-2.000000e+000	8.477362e+000
2.000000001000000e-003	-2.000000e+000	8.476792e+000
2.000000002000000e-003	2.000000e+000	8.477570e+000
2.048797052086609e-003	2.000000e+000	8.477882e+000
2.097594102173219e-003	2.000000e+000	8.476399e+000
2.146391152259828e-003	2.000000e+000	8.473121e+000
2.195188202346437e-003	2.000000e+000	8.468048e+000
2.243985252433046e-003	2.000000e+000	8.461181e+000
2.292782302519655e-003	2.000000e+000	8.452518e+000
2.341579352606264e-003	2.000000e+000	8.442060e+000
2.357204352606264e-003	2.000000e+000	8.436991e+000
2.372829352606264e-003	2.000000e+000	8.430958e+000
2.388454352606264e-003	2.000000e+000	8.423587e+000
2.404079352606264e-003	2.000000e+000	8.414254e+000
2.419704352606265e-003	2.000000e+000	8.402015e+000
2.435329352606265e-003	2.000000e+000	8.385666e+000
2.450954352606265e-003	2.000000e+000	8.364347e+000
2.466163966168407e-003	2.000000e+000	8.339468e+000
2.473242401673377e-003	2.000000e+000	8.326657e+000
2.480572547151472e-003	2.000000e+000	8.312718e+000
2.486928670275030e-003	2.000000e+000	8.300390e+000
2.493326570790053e-003	2.000000e+000	8.287825e+000
2.501653665615311e-003	2.000000e+000	8.271348e+000
2.509192168674351e-003	2.000000e+000	8.256358e+000
2.522220841781398e-003	2.000000e+000	8.230372e+000
2.534728255910282e-003	2.000000e+000	8.205388e+000
2.570442541624567e-003	2.000000e+000	8.133971e+000
2.606156827338853e-003	2.000000e+000	8.062552e+000
2.641871113053139e-003	2.000000e+000	7.991131e+000
2.677585398767425e-003	2.000000e+000	7.919708e+000
2.713299684481711e-003	2.000000e+000	7.848283e+000
2.749013970195996e-003	2.000000e+000	7.776856e+000
2.784728255910282e-003	2.000000e+000	7.705428e+000
3.000000002000000e-003	2.000000e+000	7.274895e+000
3.000000003000000e-003	-2.000000e+000	6.753090e+000
3.000002998919988e-003	-2.000000e+000	6.755875e+000
3.000005994839976e-003	-2.000000e+000	6.760691e+000
3.000008990759964e-003	-2.000000e+000	6.767538e+000
3.000011986679952e-003	-2.000000e+000	6.776415e+000
3.000014982599940e-003	-2.000000e+000	6.787323e+000
3.000017978519928e-003	-2.000000e+000	6.800261e+000
3.000020974439916e-003	-2.000000e+000	6.815230e+000
3.000031230005710e-003	-2.000000e+000	6.868468e+000
3.000057150440672e-003	-2.000000e+000	7.019793e+000
3.000072635010304e-003	-2.000000e+000	7.101303e+000
3.000087073350062e-003	-2.000000e+000	7.163908e+000
3.000103749067742e-003	-2.000000e+000	7.218241e+000
3.000119674614770e-003	-2.000000e+000	7.253409e+000
3.000138265184883e-003	-2.000000e+000	7.277114e+000
3.000159247761040e-003	-2.000000e+000	7.290045e+000
3.000171579669254e-003	-2.000000e+000	7.292535e+000
3.000180483591845e-003	-2.000000e+000	7.292284e+000
3.000189625483893e-003	-2.000000e+000	7.291101e+000
3.000200088595102e-003	-2.000000e+000	7.289183e+000
3.000224064494009e-003	-2.000000e+000	7.284160e+000
3.000237264468366e-003	-2.000000e+000	7.281630e+000
3.000251274085566e-003	-2.000000e+000	7.279383e+000
3.000266217328606e-003	-2.000000e+000	7.277547e+000
3.000282137355633e-003	-2.000000e+000	7.276196e+000
3.000299579852027e-003	-2.000000e+000	7.275316e+000
3.000320175222061e-003	-2.000000e+000	7.274818e+000
3.000335361123649e-003	-2.000000e+000	7.274717e+000
3.000351163250339e-003	-2.000000e+000	7.274778e+000
3.000370226531701e-003	-2.000000e+000	7.274938e+000
3.000413594200753e-003	-2.000000e+000	7.275330e+000
3.000439241951171e-003	-2.000000e+000	7.275495e+000
3.000471028141308e-003	-2.000000e+000	7.275625e+000
3.000516579916054e-003	-2.000000e+000	7.275737e+000
3.000716912374359e-003	-2.000000e+000	7.276114e+000
3.444844366599386e-003	-2.000000e+000	8.164310e+000
3.460469366599386e-003	-2.000000e+000	8.195545e+000
3.476094366599386e-003	-2.000000e+000	8.226751e+000
3.491719366599386e-003	-2.000000e+000	8.257859e+000
3.507344366599386e-003	-2.000000e+000	8.288658e+000
3.522969366599386e-003	-2.000000e+000	8.318743e+000
3.533699031043580e-003	-2.000000e+000	8.338402e+000
3.544139164220460e-003	-2.000000e+000	8.356026e+000
3.553914489985885e-003	-2.000000e+000	8.370594e+000
3.566157537857040e-003	-2.000000e+000	8.385785e+000
3.581782537857040e-003	-2.000000e+000	8.401136e+000
3.597407537857040e-003	-2.000000e+000	8.412901e+000
3.613032537857040e-003	-2.000000e+000	8.421908e+000
3.628657537857040e-003	-2.000000e+000	8.429010e+000
3.659907537857040e-003	-2.000000e+000	8.439509e+000
3.684461109285611e-003	-2.000000e+000	8.445109e+000
3.709014680714183e-003	-2.000000e+000	8.450075e+000
3.733568252142754e-003	-2.000000e+000	8.454408e+000
3.758121823571325e-003	-2.000000e+000	8.458108e+000
3.782675394999897e-003	-2.000000e+000	8.461174e+000
3.807228966428469e-003	-2.000000e+000	8.463607e+000
3.831782537857040e-003	-2.000000e+000	8.465406e+000
3.855813604020320e-003	-2.000000e+000	8.467186e+000
3.879844670183600e-003	-2.000000e+000	8.468797e+000
3.903875736346880e-003	-2.000000e+000	8.470238e+000
3.927906802510160e-003	-2.000000e+000	8.471511e+000
3.951937868673441e-003	-2.000000e+000	8.472615e+000
3.975968934836720e-003	-2.000000e+000	8.473549e+000
4.000000001000001e-003	-2.000000e+000	8.474315e+000
4.000000002000000e-003	1.999998e+000	8.475169e+000
4.028813578300038e-003	1.999999e+000	8.473106e+000
4.057627154600077e-003	2.000000e+000	8.470405e+000
4.086440730900115e-003	2.000000e+000	8.467066e+000
4.115254307200154e-003	2.000000e+000	8.463088e+000
4.144067883500192e-003	2.000000e+000	8.458472e+000
4.172881459800231e-003	2.000000e+000	8.453217e+000
4.201695036100269e-003	2.000000e+000	8.447324e+000
4.217320036100269e-003	2.000000e+000	8.443113e+000
4.232945036100269e-003	2.000000e+000	8.438227e+000
4.248570036100269e-003	2.000000e+000	8.432443e+000
4.264195036100269e-003	2.000000e+000	8.425421e+000
4.279820036100269e-003	2.000000e+000	8.416604e+000
4.295445036100269e-003	2.000000e+000	8.405130e+000
4.311070036100269e-003	2.000000e+000	8.389834e+000
4.326695036100269e-003	2.000000e+000	8.369656e+000
4.342320036100269e-003	2.000000e+000	8.345006e+000
4.350417829770093e-003	2.000000e+000	8.330626e+000
4.358534512056228e-003	2.000000e+000	8.315325e+000
4.364502903350136e-003	2.000000e+000	8.303800e+000
4.370923889852117e-003	2.000000e+000	8.291224e+000
4.377420458695386e-003	2.000000e+000	8.278399e+000
4.384069266053073e-003	2.000000e+000	8.265204e+000
4.392938863655708e-003	2.000000e+000	8.247542e+000
4.401192725882045e-003	2.000000e+000	8.231073e+000
4.428922090081305e-003	2.000000e+000	8.175656e+000
5.000000002000000e-003	2.000000e+000	7.033562e+000
5.000000003000001e-003	-2.000000e+000	6.511759e+000
5.000002998921288e-003	-2.000000e+000	6.514542e+000
5.000005994842576e-003	-2.000000e+000	6.519357e+000
5.000008990763863e-003	-2.000000e+000	6.526203e+000
5.000011986685150e-003	-2.000000e+000	6.535079e+000
5.000014982606437e-003	-2.000000e+000	6.545986e+000
5.000017978527725e-003	-2.000000e+000	6.558925e+000
5.000020974449012e-003	-2.000000e+000	6.573894e+000
5.000031229885137e-003	-2.000000e+000	6.627129e+000
5.000057150094263e-003	-2.000000e+000	6.778449e+000
5.000072634549236e-003	-2.000000e+000	6.859956e+000
5.000087072741151e-003	-2.000000e+000	6.922560e+000
5.000103748383730e-003	-2.000000e+000	6.976892e+000
5.000119673814643e-003	-2.000000e+000	7.012060e+000
5.000138264266073e-003	-2.000000e+000	7.035765e+000
5.000159246442486e-003	-2.000000e+000	7.048696e+000
5.000171578692298e-003	-2.000000e+000	7.051186e+000
5.000180482838354e-003	-2.000000e+000	7.050935e+000
5.000189624982030e-003	-2.000000e+000	7.049752e+000
5.000200088450377e-003	-2.000000e+000	7.047834e+000
5.000224065033777e-003	-2.000000e+000	7.042811e+000
5.000237265383613e-003	-2.000000e+000	7.040281e+000
5.000251275501597e-003	-2.000000e+000	7.038034e+000
5.000266219343922e-003	-2.000000e+000	7.036198e+000
5.000282140267960e-003	-2.000000e+000	7.034847e+000
5.000299584193418e-003	-2.000000e+000	7.033967e+000
5.000320182790405e-003	-2.000000e+000	7.033470e+000
5.000335366982348e-003	-2.000000e+000	7.033369e+000
5.000351168746650e-003	-2.000000e+000	7.033430e+000
5.000370232937158e-003	-2.000000e+000	7.033589e+000
5.000413602157337e-003	-2.000000e+000	7.033982e+000
5.000439251043665e-003	-2.000000e+000	7.034146e+000
5.000471040686179e-003	-2.000000e+000	7.034276e+000
5.000516599758016e-003	-2.000000e+000	7.034389e+000
5.000716937143206e-003	-2.000000e+000	7.034766e+000
5.569842818786241e-003	-2.000000e+000	8.172940e+000
5.585467818786241e-003	-2.000000e+000	8.204171e+000
5.601092818786241e-003	-2.000000e+000	8.235360e+000
5.616717818786241e-003	-2.000000e+000	8.266415e+000
5.632342818786241e-003	-2.000000e+000	8.297100e+000
5.645443112826073e-003	-2.000000e+000	8.322142e+000
5.655646909256982e-003	-2.000000e+000	8.340659e+000
5.665622115388884e-003	-2.000000e+000	8.357324e+000
5.675298924764870e-003	-2.000000e+000	8.371542e+000
5.688257411768834e-003	-2.000000e+000	8.387331e+000
5.703882411768834e-003	-2.000000e+000	8.402348e+000
5.719507411768834e-003	-2.000000e+000	8.413817e+000
5.735132411768834e-003	-2.000000e+000	8.422620e+000
5.750757411768834e-003	-2.000000e+000	8.429579e+000
5.782007411768834e-003	-2.000000e+000	8.439902e+000
5.806560983197405e-003	-2.000000e+000	8.445432e+000
5.831114554625977e-003	-2.000000e+000	8.450339e+000
5.855668126054548e-003	-2.000000e+000	8.454622e+000
5.880221697483120e-003	-2.000000e+000	8.458282e+000
5.904775268911691e-003	-2.000000e+000	8.461318e+000
5.929328840340263e-003	-2.000000e+000	8.463732e+000
5.953882411768834e-003	-2.000000e+000	8.465522e+000
6.000000001000001e-003	-2.000000e+000	8.468836e+000
6.000000002000000e-003	1.999998e+000	8.469888e+000
6.022030499619382e-003	1.999999e+000	8.467338e+000
6.044060997238763e-003	2.000000e+000	8.464307e+000
6.066091494858144e-003	2.000000e+000	8.460794e+000
6.088121992477526e-003	2.000001e+000	8.456801e+000
6.110152490096907e-003	2.000001e+000	8.452326e+000
6.132182987716288e-003	2.000000e+000	8.447370e+000
6.154213485335670e-003	2.000000e+000	8.441933e+000
6.169838485335670e-003	2.000000e+000	8.436841e+000
6.185463485335670e-003	2.000000e+000	8.430779e+000
6.201088485335670e-003	2.000000e+000	8.423363e+000
6.216713485335670e-003	2.000000e+000	8.413966e+000
6.232338485335670e-003	2.000000e+000	8.401631e+000
6.247963485335670e-003	2.000000e+000	8.385155e+000
6.263588485335670e-003	2.000000e+000	8.363698e+000
6.278785988434038e-003	2.000000e+000	8.338721e+000
6.286009066403631e-003	2.000000e+000	8.325612e+000
6.293133202525567e-003	2.000000e+000	8.312046e+000
6.299264490017824e-003	2.000000e+000	8.300145e+000
6.305772753859893e-003	2.000000e+000	8.287362e+000
6.313006722510325e-003	2.000000e+000	8.273051e+000
6.320291601426256e-003	2.000000e+000	8.258571e+000
6.331867440533948e-003	2.000000e+000	8.235492e+000
6.342700307951755e-003	2.000000e+000	8.213858e+000
6.389575307951755e-003	2.000000e+000	8.120136e+000
7.000000002000000e-003	2.000000e+000	6.899333e+000
7.000000003000001e-003	-2.000000e+000	6.377530e+000
7.000002998921288e-003	-2.000000e+000	6.380314e+000
7.000005994842576e-003	-2.000000e+000	6.385129e+000
7.000008990763863e-003	-2.000000e+000	6.391975e+000
7.000011986685150e-003	-2.000000e+000	6.400851e+000
7.000014982606437e-003	-2.000000e+000	6.411759e+000
7.000017978527725e-003	-2.000000e+000	6.424698e+000
7.000020974449012e-003	-2.000000e+000	6.439668e+000
7.000031229943833e-003	-2.000000e+000	6.492905e+000
7.000057150274510e-003	-2.000000e+000	6.644229e+000
7.000072634798974e-003	-2.000000e+000	6.725738e+000
7.000087073060790e-003	-2.000000e+000	6.788342e+000
7.000103748729220e-003	-2.000000e+000	6.842676e+000
7.000119674186785e-003	-2.000000e+000	6.877844e+000
7.000138264642325e-003	-2.000000e+000	6.901549e+000
7.000159246899783e-003	-2.000000e+000	6.914480e+000
7.000171579026421e-003	-2.000000e+000	6.916971e+000
7.000180483098755e-003	-2.000000e+000	6.916719e+000
7.000189625158744e-003	-2.000000e+000	6.915536e+000
7.000200089054096e-003	-2.000000e+000	6.913618e+000
7.000224066116973e-003	-2.000000e+000	6.908595e+000
7.000237266604589e-003	-2.000000e+000	6.906065e+000
7.000251277159208e-003	-2.000000e+000	6.903818e+000
7.000266221287611e-003	-2.000000e+000	6.901982e+000
7.000282142870263e-003	-2.000000e+000	6.900631e+000
7.000299587618854e-003	-2.000000e+000	6.899752e+000
7.000320188413306e-003	-2.000000e+000	6.899254e+000
7.000335371058790e-003	-2.000000e+000	6.899153e+000
7.000351172327528e-003	-2.000000e+000	6.899214e+000
7.000370236915527e-003	-2.000000e+000	6.899374e+000
7.000413606592136e-003	-2.000000e+000	6.899766e+000
7.000439255791466e-003	-2.000000e+000	6.899930e+000
7.000471047073250e-003	-2.000000e+000	6.900061e+000
7.000516609416341e-003	-2.000000e+000	6.900173e+000
7.000716946379146e-003	-2.000000e+000	6.900550e+000
7.632342081205922e-003	-2.000000e+000	8.163717e+000
7.647967081205922e-003	-2.000000e+000	8.194954e+000
7.663592081205922e-003	-2.000000e+000	8.226160e+000
7.679217081205922e-003	-2.000000e+000	8.257272e+000
7.694842081205922e-003	-2.000000e+000	8.288080e+000
7.710467081205922e-003	-2.000000e+000	8.318187e+000
7.721238780030332e-003	-2.000000e+000	8.337951e+000
7.731721917471163e-003	-2.000000e+000	8.355687e+000
7.741492527723848e-003	-2.000000e+000	8.370296e+000
7.753644632830689e-003	-2.000000e+000	8.385440e+000
7.769269632830689e-003	-2.000000e+000	8.400871e+000
7.784894632830689e-003	-2.000000e+000	8.412701e+000
7.800519632830689e-003	-2.000000e+000	8.421753e+000
7.816144632830690e-003	-2.000000e+000	8.428886e+000
7.847394632830690e-003	-2.000000e+000	8.439424e+000
7.869195399712019e-003	-2.000000e+000	8.444521e+000
7.890996166593349e-003	-2.000000e+000	8.449078e+000
7.912796933474679e-003	-2.000000e+000	8.453095e+000
7.934597700356011e-003	-2.000000e+000	8.456570e+000
7.956398467237341e-003	-2.000000e+000	8.459504e+000
7.978199234118671e-003	-2.000000e+000	8.461897e+000
8.000000001000001e-003	-2.000000e+000	8.463750e+000
8.000000002000001e-003	2.000000e+000	8.465024e+000
8.015210028857380e-003	2.000000e+000	8.462517e+000
8.030420055714757e-003	2.000000e+000	8.459811e+000
8.045630082572136e-003	2.000000e+000	8.456908e+000
8.060840109429516e-003	2.000000e+000	8.453806e+000
8.076050136286895e-003	2.000000e+000	8.450506e+000
8.091260163144272e-003	2.000000e+000	8.447007e+000
8.106470190001651e-003	2.000000e+000	8.443311e+000
8.122095190001651e-003	2.000000e+000	8.438457e+000
8.137720190001651e-003	2.000000e+000	8.432718e+000
8.153345190001651e-003	2.000000e+000	8.425760e+000
8.168970190001651e-003	2.000000e+000	8.417037e+000
8.184595190001651e-003	2.000000e+000	8.405703e+000
8.200220190001651e-003	2.000000e+000	8.390600e+000
8.215845190001651e-003	2.000000e+000	8.370647e+000
8.231470190001651e-003	2.000000e+000	8.346162e+000
8.240226046799311e-003	2.000000e+000	8.330681e+000
8.247170823619150e-003	2.000000e+000	8.317631e+000
8.253162430525318e-003	2.000000e+000	8.306085e+000
8.259443496916192e-003	2.000000e+000	8.293806e+000
8.266526252075778e-003	2.000000e+000	8.279839e+000
8.273231186726501e-003	2.000000e+000	8.266540e+000
8.282354074116732e-003	2.000000e+000	8.248378e+000
8.290694345441258e-003	2.000000e+000	8.231736e+000
8.320611121941008e-003	2.000000e+000	8.171947e+000
9.000000002000000e-003	2.000000e+000	6.813234e+000
9.000000002300000e-003	8.000033e-001	6.656693e+000
9.000000003000001e-003	-2.000000e+000	6.291430e+000
9.000002998921288e-003	-2.000000e+000	6.294215e+000
9.000005994842575e-003	-2.000000e+000	6.299030e+000
9.000008990763862e-003	-2.000000e+000	6.305876e+000
9.000011986685151e-003	-2.000000e+000	6.314753e+000
9.000014982606438e-003	-2.000000e+000	6.325660e+000
9.000017978527725e-003	-2.000000e+000	6.338599e+000
9.000020974449012e-003	-2.000000e+000	6.353568e+000
9.000031229925022e-003	-2.000000e+000	6.406804e+000
9.000057150186046e-003	-2.000000e+000	6.558125e+000
9.000072634659868e-003	-2.000000e+000	6.639634e+000
9.000087072873723e-003	-2.000000e+000	6.702237e+000
9.000103748508711e-003	-2.000000e+000	6.756570e+000
9.000119673937369e-003	-2.000000e+000	6.791739e+000
9.000138264366395e-003	-2.000000e+000	6.815443e+000
9.000159246559005e-003	-2.000000e+000	6.828374e+000
9.000171578732393e-003	-2.000000e+000	6.830864e+000
9.000180482836778e-003	-2.000000e+000	6.830613e+000
9.000189624932663e-003	-2.000000e+000	6.829430e+000
9.000200089009479e-003	-2.000000e+000	6.827512e+000
9.000224066339392e-003	-2.000000e+000	6.822489e+000
9.000237266943257e-003	-2.000000e+000	6.819958e+000
9.000251277713797e-003	-2.000000e+000	6.817711e+000
9.000266222044031e-003	-2.000000e+000	6.815876e+000
9.000282143983573e-003	-2.000000e+000	6.814525e+000
9.000299589246879e-003	-2.000000e+000	6.813645e+000
9.000320191285776e-003	-2.000000e+000	6.813148e+000
9.000335373267679e-003	-2.000000e+000	6.813047e+000
9.000351174422678e-003	-2.000000e+000	6.813107e+000
9.000370239399244e-003	-2.000000e+000	6.813267e+000
9.000413609733931e-003	-2.000000e+000	6.813660e+000
9.000439259415833e-003	-2.000000e+000	6.813824e+000
9.000471052137762e-003	-2.000000e+000	6.813954e+000
9.000516617541306e-003	-2.000000e+000	6.814067e+000
9.000716956714868e-003	-2.000000e+000	6.814444e+000
9.679216424585026e-003	-2.000000e+000	8.171352e+000
9.694841424585026e-003	-2.000000e+000	8.202583e+000
9.710466424585026e-003	-2.000000e+000	8.233776e+000
9.726091424585026e-003	-2.000000e+000	8.264842e+000
9.741716424585026e-003	-2.000000e+000	8.295562e+000
9.754659091991896e-003	-2.000000e+000	8.320361e+000
9.765135243861819e-003	-2.000000e+000	8.339447e+000
9.775444126222875e-003	-2.000000e+000	8.356773e+000
9.784891071221784e-003	-2.000000e+000	8.370761e+000
9.797772343631892e-003	-2.000000e+000	8.386603e+000
9.813397343631892e-003	-2.000000e+000	8.401794e+000
9.829022343631892e-003	-2.000000e+000	8.413399e+000
9.844647343631892e-003	-2.000000e+000	8.422294e+000
9.860272343631892e-003	-2.000000e+000	8.429317e+000
9.891522343631892e-003	-2.000000e+000	8.439722e+000
1.000000000100000e-002	-2.000000e+000	8.459294e+000
1.000000000200000e-002	2.000000e+000	8.460799e+000
1.001060500311574e-002	2.000000e+000	8.458463e+000
1.002121000423148e-002	2.000000e+000	8.456101e+000
1.003181500534721e-002	2.000000e+000	8.453714e+000
1.004242000646295e-002	2.000000e+000	8.451301e+000
1.005302500757868e-002	2.000000e+000	8.448864e+000
1.006363000869442e-002	2.000000e+000	8.446401e+000
1.007423500981016e-002	2.000000e+000	8.443913e+000
1.008986000981016e-002	2.000000e+000	8.439160e+000
1.010548500981016e-002	2.000000e+000	8.433558e+000
1.012111000981016e-002	2.000000e+000	8.426790e+000
1.013673500981016e-002	2.000000e+000	8.418345e+000
1.015236000981016e-002	2.000000e+000	8.407426e+000
1.016798500981016e-002	2.000000e+000	8.392910e+000
1.018361000981016e-002	2.000000e+000	8.373648e+000
1.019923500981016e-002	2.000000e+000	8.349749e+000
1.020888711610760e-002	2.000000e+000	8.332916e+000
1.021569282365717e-002	2.000000e+000	8.320218e+000
1.022201487377021e-002	2.000000e+000	8.308075e+000
1.022833792093209e-002	2.000000e+000	8.295735e+000
1.023614633087247e-002	2.000000e+000	8.280348e+000
1.024321227896673e-002	2.000000e+000	8.266334e+000
1.025428952497058e-002	2.000000e+000	8.244273e+000
1.026468981530721e-002	2.000000e+000	8.223516e+000
1.029593981530721e-002	2.000000e+000	8.161051e+000
1.100000000200000e-002	2.000000e+000	6.752995e+000
1.100000000300000e-002	-2.000000e+000	6.231191e+000
1.100000299892129e-002	-2.000000e+000	6.233975e+000
1.100000599484258e-002	-2.000000e+000	6.238790e+000
1.100000899076386e-002	-2.000000e+000	6.245636e+000
1.100001198668515e-002	-2.000000e+000	6.254513e+000
1.100001498260644e-002	-2.000000e+000	6.265421e+000
1.100001797852773e-002	-2.000000e+000	6.278359e+000
1.100002097444901e-002	-2.000000e+000	6.293328e+000
1.100003122990510e-002	-2.000000e+000	6.346564e+000
1.100005715014711e-002	-2.000000e+000	6.497886e+000
1.100007263461754e-002	-2.000000e+000	6.579394e+000
1.100008707281872e-002	-2.000000e+000	6.641998e+000
1.100010374844820e-002	-2.000000e+000	6.696331e+000
1.100011967385894e-002	-2.000000e+000	6.731499e+000
1.100013826426378e-002	-2.000000e+000	6.755204e+000
1.100015924637896e-002	-2.000000e+000	6.768135e+000
1.100017157861304e-002	-2.000000e+000	6.770625e+000
1.100018048275771e-002	-2.000000e+000	6.770373e+000
1.100018962489893e-002	-2.000000e+000	6.769191e+000
1.100020008908301e-002	-2.000000e+000	6.767272e+000
1.100022406659199e-002	-2.000000e+000	6.762249e+000
1.100023726728406e-002	-2.000000e+000	6.759719e+000
1.100025127819234e-002	-2.000000e+000	6.757473e+000
1.100026622266870e-002	-2.000000e+000	6.755637e+000
1.100028214484531e-002	-2.000000e+000	6.754285e+000
1.100029959046860e-002	-2.000000e+000	6.753406e+000
1.100032019334515e-002	-2.000000e+000	6.752908e+000
1.100033537482096e-002	-2.000000e+000	6.752808e+000
1.100035117583150e-002	-2.000000e+000	6.752869e+000
1.100037024099293e-002	-2.000000e+000	6.753028e+000
1.100041361160818e-002	-2.000000e+000	6.753420e+000
1.100043926149226e-002	-2.000000e+000	6.753585e+000
1.100047105495073e-002	-2.000000e+000	6.753715e+000
1.100051662187902e-002	-2.000000e+000	6.753828e+000
1.100071696158221e-002	-2.000000e+000	6.754205e+000
1.171046610524713e-002	-2.000000e+000	8.173609e+000
1.172609110524713e-002	-2.000000e+000	8.204838e+000
1.174171610524713e-002	-2.000000e+000	8.236026e+000
1.175734110524713e-002	-2.000000e+000	8.267076e+000
1.177296610524713e-002	-2.000000e+000	8.297755e+000
1.178562581058146e-002	-2.000000e+000	8.321946e+000
1.179597500229461e-002	-2.000000e+000	8.340714e+000
1.180616488011630e-002	-2.000000e+000	8.357721e+000
1.181573379961070e-002	-2.000000e+000	8.371737e+000
1.182894884320720e-002	-2.000000e+000	8.387757e+000
1.184457384320720e-002	-2.000000e+000	8.402685e+000
1.186019884320720e-002	-2.000000e+000	8.414073e+000
1.187582384320720e-002	-2.000000e+000	8.422818e+000
1.189144884320720e-002	-2.000000e+000	8.429737e+000
1.192269884320720e-002	-2.000000e+000	8.440014e+000
1.200000000100000e-002	-2.000000e+000	8.455381e+000
1.200000000200000e-002	2.000000e+000	8.457123e+000
1.200377806008540e-002	2.000000e+000	8.455730e+000
1.200755611817079e-002	2.000000e+000	8.454479e+000
1.201133417625618e-002	2.000000e+000	8.453371e+000
1.201511223434157e-002	2.000000e+000	8.452405e+000
1.201889029242697e-002	2.000000e+000	8.451581e+000
1.202266835051236e-002	2.000000e+000	8.450900e+000
1.202644640859775e-002	2.000000e+000	8.450360e+000
1.205769640859775e-002	2.000000e+000	8.442231e+000
1.207332140859775e-002	2.000000e+000	8.437192e+000
1.208894640859775e-002	2.000000e+000	8.431201e+000
1.210457140859775e-002	2.000000e+000	8.423887e+000
1.212019640859775e-002	2.000000e+000	8.414641e+000
1.213582140859775e-002	2.000000e+000	8.402529e+000
1.215144640859775e-002	2.000000e+000	8.386353e+000
1.216707140859775e-002	2.000000e+000	8.365217e+000
1.218233760128885e-002	2.000000e+000	8.340396e+000
1.218938980996267e-002	2.000000e+000	8.327676e+000
1.219693716464239e-002	2.000000e+000	8.313346e+000
1.220337328589806e-002	2.000000e+000	8.300874e+000
1.220966952676295e-002	2.000000e+000	8.288514e+000
1.221795070928368e-002	2.000000e+000	8.272132e+000
1.222544812680652e-002	2.000000e+000	8.257227e+000
1.223838758403275e-002	2.000000e+000	8.231421e+000
1.225079778011096e-002	2.000000e+000	8.206633e+000
1.228427992296811e-002	2.000000e+000	8.139680e+000
1.231776206582525e-002	2.000000e+000	8.072725e+000
1.235124420868239e-002	2.000000e+000	8.005769e+000
1.238472635153954e-002	2.000000e+000	7.938810e+000
1.241820849439668e-002	2.000000e+000	7.871849e+000
1.245169063725382e-002	2.000000e+000	7.804886e+000
1.248517278011097e-002	2.000000e+000	7.737922e+000
1.300000000200000e-002	2.000000e+000	6.708303e+000
1.300000000300000e-002	-2.000000e+000	6.186499e+000
1.300000299892129e-002	-2.000000e+000	6.189284e+000
1.300000599484258e-002	-2.000000e+000	6.194100e+000
1.300000899076386e-002	-2.000000e+000	6.200946e+000
1.300001198668515e-002	-2.000000e+000	6.209823e+000
1.300001498260644e-002	-2.000000e+000	6.220731e+000
1.300001797852773e-002	-2.000000e+000	6.233670e+000
1.300002097444901e-002	-2.000000e+000	6.248639e+000
1.300003122994721e-002	-2.000000e+000	6.301876e+000
1.300005715027971e-002	-2.000000e+000	6.453200e+000
1.300007263480309e-002	-2.000000e+000	6.534710e+000
1.300008707305857e-002	-2.000000e+000	6.597315e+000
1.300010374871214e-002	-2.000000e+000	6.651649e+000
1.300011967414866e-002	-2.000000e+000	6.686817e+000
1.300013826456689e-002	-2.000000e+000	6.710522e+000
1.300015924675914e-002	-2.000000e+000	6.723453e+000
1.300017157889954e-002	-2.000000e+000	6.725943e+000
1.300018048298643e-002	-2.000000e+000	6.725692e+000
1.300018962506222e-002	-2.000000e+000	6.724509e+000
1.300020008942703e-002	-2.000000e+000	6.722590e+000
1.300022406711243e-002	-2.000000e+000	6.717567e+000
1.300023726783838e-002	-2.000000e+000	6.715037e+000
1.300025127891884e-002	-2.000000e+000	6.712790e+000
1.300026622348254e-002	-2.000000e+000	6.710955e+000
1.300028214590554e-002	-2.000000e+000	6.709603e+000
1.300029959180795e-002	-2.000000e+000	6.708724e+000
1.300032019548473e-002	-2.000000e+000	6.708226e+000
1.300033537633048e-002	-2.000000e+000	6.708126e+000
1.300035117711125e-002	-2.000000e+000	6.708187e+000
1.300037024237154e-002	-2.000000e+000	6.708346e+000
1.300041361303519e-002	-2.000000e+000	6.708738e+000
1.300043926294299e-002	-2.000000e+000	6.708903e+000
1.300047105685131e-002	-2.000000e+000	6.709033e+000
1.300051662462836e-002	-2.000000e+000	6.709146e+000
1.300071696346768e-002	-2.000000e+000	6.709523e+000
1.372609089536391e-002	-2.000000e+000	8.160177e+000
1.374171589536391e-002	-2.000000e+000	8.191414e+000
1.375734089536391e-002	-2.000000e+000	8.222626e+000
1.377296589536391e-002	-2.000000e+000	8.253756e+000
1.378859089536391e-002	-2.000000e+000	8.284618e+000
1.380421589536391e-002	-2.000000e+000	8.314848e+000
1.381523805847151e-002	-2.000000e+000	8.335235e+000
1.382597570685771e-002	-2.000000e+000	8.353637e+000
1.383575364554805e-002	-2.000000e+000	8.368539e+000
1.384739959996704e-002	-2.000000e+000	8.383419e+000
1.386302459996704e-002	-2.000000e+000	8.399312e+000
1.387864959996704e-002	-2.000000e+000	8.411524e+000
1.389427459996704e-002	-2.000000e+000	8.420843e+000
1.390989959996704e-002	-2.000000e+000	8.428162e+000
1.392552459996704e-002	-2.000000e+000	8.434054e+000
1.393616394297175e-002	-2.000000e+000	8.437338e+000
1.394680328597646e-002	-2.000000e+000	8.440377e+000
1.395744262898117e-002	-2.000000e+000	8.443172e+000
1.396808197198588e-002	-2.000000e+000	8.445723e+000
1.397872131499058e-002	-2.000000e+000	8.448029e+000
1.398936065799529e-002	-2.000000e+000	8.450091e+000
1.400000000100000e-002	-2.000000e+000	8.451909e+000
1.400000000200000e-002	2.000000e+000	8.453890e+000
1.400348925149107e-002	2.000000e+000	8.452382e+000
1.400697850098215e-002	2.000000e+000	8.451034e+000
1.401046775047322e-002	2.000000e+000	8.449845e+000
1.401395699996429e-002	2.000000e+000	8.448817e+000
1.401744624945536e-002	2.000000e+000	8.447949e+000
1.402093549894644e-002	2.000000e+000	8.447241e+000
1.402442474843751e-002	2.000000e+000	8.446692e+000
1.404004974843751e-002	2.000000e+000	8.442337e+000
1.405567474843751e-002	2.000000e+000	8.437318e+000
1.407129974843751e-002	2.000000e+000	8.431353e+000
1.408692474843751e-002	2.000000e+000	8.424075e+000
1.410254974843751e-002	2.000000e+000	8.414882e+000
1.411817474843751e-002	2.000000e+000	8.402847e+000
1.413379974843751e-002	2.000000e+000	8.386779e+000
1.414942474843751e-002	2.000000e+000	8.365734e+000
1.416504729564208e-002	2.000000e+000	8.340331e+000
1.417323156665117e-002	2.000000e+000	8.325527e+000
1.418132626262377e-002	2.000000e+000	8.310106e+000
1.418780490046268e-002	2.000000e+000	8.297510e+000
1.419424930766922e-002	2.000000e+000	8.284834e+000
1.420096146842852e-002	2.000000e+000	8.271544e+000
1.420785212059363e-002	2.000000e+000	8.257845e+000
1.421629048487215e-002	2.000000e+000	8.241026e+000
1.423607643907517e-002	2.000000e+000	8.201505e+000
1.429797370773179e-002	2.000000e+000	8.077722e+000
1.435987097638842e-002	2.000000e+000	7.953937e+000
1.442176824504504e-002	2.000000e+000	7.830152e+000
1.448366551370166e-002	2.000000e+000	7.706364e+000
1.454556278235828e-002	2.000000e+000	7.582575e+000
1.460746005101491e-002	2.000000e+000	7.458785e+000
1.466935731967153e-002	2.000000e+000	7.334993e+000
1.500000000200000e-002	2.000000e+000	6.673736e+000
1.500000000300000e-002	-2.000000e+000	6.151932e+000
1.500000299892129e-002	-2.000000e+000	6.154716e+000
1.500000599484258e-002	-2.000000e+000	6.159532e+000
1.500000899076386e-002	-2.000000e+000	6.166378e+000
1.500001198668515e-002	-2.000000e+000	6.175255e+000
1.500001498260644e-002	-2.000000e+000	6.186162e+000
1.500001797852773e-002	-2.000000e+000	6.199101e+000
1.500002097444901e-002	-2.000000e+000	6.214070e+000
1.500003122988497e-002	-2.000000e+000	6.267305e+000
1.500005715012004e-002	-2.000000e+000	6.418628e+000
1.500007263459825e-002	-2.000000e+000	6.500136e+000
1.500008707279421e-002	-2.000000e+000	6.562740e+000
1.500010374842296e-002	-2.000000e+000	6.617074e+000
1.500011967381543e-002	-2.000000e+000	6.652242e+000
1.500013826419145e-002	-2.000000e+000	6.675947e+000
1.500015924621643e-002	-2.000000e+000	6.688879e+000
1.500017157851751e-002	-2.000000e+000	6.691369e+000
1.500018048270708e-002	-2.000000e+000	6.691117e+000
1.500018962489878e-002	-2.000000e+000	6.689934e+000
1.500020008923361e-002	-2.000000e+000	6.688016e+000
1.500022406698219e-002	-2.000000e+000	6.682993e+000
1.500023726778767e-002	-2.000000e+000	6.680463e+000
1.500025127888371e-002	-2.000000e+000	6.678216e+000
1.500026622355050e-002	-2.000000e+000	6.676380e+000
1.500028214604580e-002	-2.000000e+000	6.675029e+000
1.500029959214353e-002	-2.000000e+000	6.674150e+000
1.500032019614093e-002	-2.000000e+000	6.673652e+000
1.500033537691231e-002	-2.000000e+000	6.673551e+000
1.500035117770397e-002	-2.000000e+000	6.673612e+000
1.500037024308941e-002	-2.000000e+000	6.673772e+000
1.500041361402449e-002	-2.000000e+000	6.674164e+000
1.500043926413423e-002	-2.000000e+000	6.674329e+000
1.500047105850823e-002	-2.000000e+000	6.674459e+000
1.500051662730712e-002	-2.000000e+000	6.674572e+000
1.500071696740529e-002	-2.000000e+000	6.674949e+000
1.510880607092744e-002	-2.000000e+000	6.891117e+000
1.521689517444959e-002	-2.000000e+000	7.107283e+000
1.532498427797174e-002	-2.000000e+000	7.323448e+000
1.543307338149389e-002	-2.000000e+000	7.539611e+000
1.554116248501604e-002	-2.000000e+000	7.755772e+000
1.564925158853819e-002	-2.000000e+000	7.971932e+000
1.575734069206034e-002	-2.000000e+000	8.188089e+000
1.577296569206034e-002	-2.000000e+000	8.219306e+000
1.578859069206033e-002	-2.000000e+000	8.250449e+000
1.580421569206033e-002	-2.000000e+000	8.281356e+000
1.581984069206033e-002	-2.000000e+000	8.311685e+000
1.583134271366733e-002	-2.000000e+000	8.333143e+000
1.584102211254732e-002	-2.000000e+000	8.350005e+000
1.585056090208544e-002	-2.000000e+000	8.364977e+000
1.586146377876479e-002	-2.000000e+000	8.379544e+000
1.587708877876478e-002	-2.000000e+000	8.396328e+000
1.589271377876478e-002	-2.000000e+000	8.409277e+000
1.590833877876478e-002	-2.000000e+000	8.419115e+000
1.592396377876478e-002	-2.000000e+000	8.426793e+000
1.593958877876478e-002	-2.000000e+000	8.432937e+000
1.598437500100000e-002	-2.000000e+000	8.445468e+000
1.600000000000000e-002	-2.000000e+000	8.448792e+000
