TIME  IN1  IN2  OUT1
5  0.556641  4.301147  -0.5
4.99  0.560913  4.295654  0.5
4.98  0.558472  4.292603  0.5
4.971  0.553589  4.28772  0.5
4.961  0.549316  4.282227  0.5
4.951  0.545044  4.277344  0.5
4.941  0.53772  4.268188  0.5
4.932  0.534668  4.263916  0.5
4.922  0.531616  4.258423  0.5
4.912  0.529175  4.254761  0.5
4.902  0.526123  4.249878  0.5
4.893  0.52124  4.241943  0.5
4.883  0.519409  4.237061  0.5
4.873  0.516357  4.232788  0.5
4.863  0.514526  4.228516  0.5
4.854  0.512695  4.224243  0.5
4.844  0.509644  4.215698  0.5
4.834  0.508423  4.212036  0.5
4.824  0.507202  4.207764  0.5
4.814  0.505371  4.203491  0.5
4.805  0.50293  4.198608  0.5
4.795  0.501709  4.190674  0.5
4.785  0.499878  4.185791  0.5
4.775  0.499268  4.182129  0.5
4.766  0.498657  4.177246  0.5
4.756  0.498047  4.174194  0.5
4.746  0.497437  4.169312  0.5
4.736  0.494995  4.161987  0.5
4.727  0.494385  4.157715  0.5
4.717  0.493774  4.152832  0.5
4.707  0.493164  4.14856  0.5
4.697  0.492554  4.144897  0.5
4.688  0.491943  4.136963  0.5
4.678  0.491333  4.13208  0.5
4.668  0.490723  4.128418  0.5
4.658  0.490723  4.124756  0.5
4.648  0.490112  4.120483  0.5
4.639  0.489502  4.111938  0.5
4.629  0.489502  4.107666  0.5
4.619  0.488892  4.104004  0.5
4.609  0.488892  4.099731  0.5
4.6  0.488892  4.095459  0.5
4.59  0.487671  4.087524  0.5
4.58  0.488281  4.083862  0.5
4.57  0.487671  4.07959  0.5
4.561  0.487671  4.075928  0.5
4.551  0.487061  4.071045  0.5
4.541  0.48645  4.0625  0.5
4.531  0.48645  4.059448  0.5
4.521  0.48584  4.053955  0.5
4.512  0.48584  4.050903  0.5
4.502  0.436401  4.04541  0.5
4.492  -0.554199  4.046631  -0.5
4.482  -0.565796  4.056396  -0.5
4.473  -0.561523  4.060669  -0.5
4.463  -0.557861  4.065552  -0.5
4.453  -0.554199  4.069214  -0.5
4.443  -0.549316  4.074097  -0.5
4.434  -0.543213  4.083862  -0.5
4.424  -0.539551  4.088135  -0.5
4.414  -0.537109  4.092407  -0.5
4.404  -0.534668  4.09668  -0.5
4.395  -0.531616  4.100952  -0.5
4.385  -0.527344  4.110107  -0.5
4.375  -0.524902  4.11499  -0.5
4.365  -0.523071  4.118652  -0.5
4.355  -0.52063  4.123535  -0.5
4.346  -0.519409  4.127808  -0.5
4.336  -0.515747  4.136353  -0.5
4.326  -0.514526  4.141235  -0.5
4.316  -0.513306  4.144287  -0.5
4.307  -0.512085  4.14917  -0.5
4.297  -0.510864  4.153442  -0.5
4.287  -0.509033  4.161377  -0.5
4.277  -0.507812  4.165649  -0.5
4.268  -0.506592  4.169922  -0.5
4.258  -0.505371  4.174194  -0.5
4.248  -0.504761  4.177856  -0.5
4.238  -0.504761  4.182739  -0.5
4.229  -0.50293  4.191284  -0.5
4.219  -0.502319  4.195557  -0.5
4.209  -0.501709  4.199829  -0.5
4.199  -0.501099  4.203491  -0.5
4.189  -0.500488  4.207764  -0.5
4.18  -0.500488  4.215698  -0.5
4.17  -0.499268  4.220581  -0.5
4.16  -0.498657  4.224854  -0.5
4.15  -0.498047  4.228516  -0.5
4.141  -0.498047  4.231567  -0.5
4.131  -0.497437  4.238892  -0.5
4.121  -0.496826  4.240723  -0.5
4.111  -0.496216  4.241333  -0.5
4.102  -0.496216  4.241333  -0.5
4.092  -0.496216  4.241943  -0.5
4.082  -0.495605  4.243774  -0.5
4.072  -0.495605  4.243774  -0.5
4.063  -0.495605  4.245605  -0.5
4.053  -0.494995  4.244995  -0.5
4.043  -0.494995  4.244995  -0.5
4.033  -0.494385  4.247437  -0.5
4.023  -0.494995  4.247437  -0.5
4.014  -0.494385  4.248657  -0.5
4.004  -0.465698  4.255371  -0.5
3.994  0.531006  4.309692  0.5
3.984  0.560913  4.295654  0.5
3.975  0.55481  4.28833  0.5
3.965  0.549927  4.282837  0.5
3.955  0.546265  4.278564  0.5
3.945  0.541992  4.273071  0.5
3.936  0.53833  4.269409  0.5
3.926  0.532227  4.260254  0.5
3.916  0.529175  4.254761  0.5
3.906  0.526123  4.251099  0.5
3.896  0.524292  4.246826  0.5
3.887  0.521851  4.242554  0.5
3.877  0.516968  4.233398  0.5
3.867  0.515137  4.229126  0.5
3.857  0.513306  4.224854  0.5
3.848  0.510864  4.220581  0.5
3.838  0.510254  4.216919  0.5
3.828  0.506592  4.207764  0.5
3.818  0.505371  4.202881  0.5
3.809  0.504761  4.199829  0.5
3.799  0.50293  4.194946  0.5
3.789  0.501709  4.190063  0.5
3.779  0.499878  4.182129  0.5
3.77  0.498657  4.177856  0.5
3.76  0.498047  4.174194  0.5
3.75  0.497437  4.169922  0.5
3.74  0.496826  4.165649  0.5
3.73  0.495605  4.161377  0.5
3.721  0.493774  4.152832  0.5
3.711  0.493164  4.14917  0.5
3.701  0.493164  4.145508  0.5
3.691  0.491943  4.140625  0.5
3.682  0.491943  4.136963  0.5
3.672  0.490723  4.128418  0.5
3.662  0.490112  4.124146  0.5
3.652  0.490723  4.121094  0.5
3.643  0.490112  4.115601  0.5
3.633  0.490112  4.112549  0.5
3.623  0.488892  4.104614  0.5
3.613  0.488281  4.099731  0.5
3.604  0.488281  4.095459  0.5
3.594  0.488281  4.090576  0.5
3.584  0.488281  4.087524  0.5
3.574  0.487061  4.078979  0.5
3.564  0.487061  4.075317  0.5
3.555  0.48645  4.071045  0.5
3.545  0.48645  4.067383  0.5
3.535  0.48645  4.06311  0.5
3.525  0.48645  4.054565  0.5
3.516  0.485229  4.050293  0.5
3.506  0.472412  4.046021  0.5
3.496  -0.516968  4.046021  -0.5
3.486  -0.568848  4.052124  -0.5
3.477  -0.565796  4.055786  -0.5
3.467  -0.557861  4.064941  -0.5
3.457  -0.554199  4.069214  -0.5
3.447  -0.549927  4.073486  -0.5
3.438  -0.546265  4.078979  -0.5
3.428  -0.543213  4.082642  -0.5
3.418  -0.537109  4.092407  -0.5
3.408  -0.534668  4.09668  -0.5
3.398  -0.532227  4.100952  -0.5
3.389  -0.529785  4.105225  -0.5
3.379  -0.527344  4.109497  -0.5
3.369  -0.523071  4.118042  -0.5
3.359  -0.52124  4.122925  -0.5
3.35  -0.519409  4.127197  -0.5
3.34  -0.517578  4.13147  -0.5
3.33  -0.516357  4.135742  -0.5
3.32  -0.513306  4.143677  -0.5
3.311  -0.512085  4.14856  -0.5
3.301  -0.511475  4.152832  -0.5
3.291  -0.510254  4.156494  -0.5
3.281  -0.509033  4.160767  -0.5
3.271  -0.506592  4.169312  -0.5
3.262  -0.506592  4.174194  -0.5
3.252  -0.505371  4.178467  -0.5
3.242  -0.504761  4.182739  -0.5
3.232  -0.50415  4.186401  -0.5
3.223  -0.50293  4.190674  -0.5
3.213  -0.501709  4.199219  -0.5
3.203  -0.501709  4.202881  -0.5
3.193  -0.501099  4.207153  -0.5
3.184  -0.500488  4.211426  -0.5
3.174  -0.500488  4.215698  -0.5
3.164  -0.498657  4.224243  -0.5
3.154  -0.498047  4.227905  -0.5
3.145  -0.498047  4.232178  -0.5
3.135  -0.497437  4.23645  -0.5
3.125  -0.497437  4.238281  -0.5
3.115  -0.496216  4.241333  -0.5
3.105  -0.496216  4.241943  -0.5
3.096  -0.496216  4.242554  -0.5
3.086  -0.496216  4.243164  -0.5
3.076  -0.495605  4.243164  -0.5
3.066  -0.495605  4.244385  -0.5
3.057  -0.495605  4.244385  -0.5
3.047  -0.494995  4.244995  -0.5
3.037  -0.494995  4.246216  -0.5
3.027  -0.494995  4.246826  -0.5
3.018  -0.494995  4.247437  -0.5
3.008  -0.490723  4.249878  -0.5
2.998  0.481567  4.311523  0.5
2.988  0.560303  4.295654  0.5
2.979  0.559082  4.293213  0.5
2.969  0.554199  4.28833  0.5
2.959  0.545654  4.278564  0.5
2.949  0.541992  4.273682  0.5
2.939  0.53772  4.268799  0.5
2.93  0.534668  4.264526  0.5
2.92  0.532227  4.259644  0.5
2.91  0.526733  4.251099  0.5
2.9  0.524292  4.246826  0.5
2.891  0.52124  4.241943  0.5
2.881  0.52002  4.238281  0.5
2.871  0.516968  4.234619  0.5
2.861  0.513306  4.224854  0.5
2.852  0.511475  4.220581  0.5
2.842  0.510254  4.216309  0.5
2.832  0.509033  4.212646  0.5
2.822  0.507202  4.207764  0.5
2.813  0.50354  4.199219  0.5
2.803  0.50293  4.194946  0.5
2.793  0.501709  4.190674  0.5
2.783  0.501099  4.186401  0.5
2.773  0.499878  4.181519  0.5
2.764  0.498657  4.177856  0.5
2.754  0.498047  4.169922  0.5
2.744  0.496826  4.165649  0.5
2.734  0.496216  4.161987  0.5
2.725  0.494385  4.157104  0.5
2.715  0.493774  4.152832  0.5
2.705  0.493164  4.145508  0.5
2.695  0.492554  4.141235  0.5
2.686  0.491943  4.136963  0.5
2.676  0.491333  4.13269  0.5
2.666  0.491333  4.129028  0.5
2.656  0.490112  4.120483  0.5
2.646  0.489502  4.116211  0.5
2.637  0.489502  4.111938  0.5
2.627  0.489502  4.108276  0.5
2.617  0.488892  4.104004  0.5
2.607  0.488892  4.096069  0.5
2.598  0.488892  4.091797  0.5
2.588  0.487671  4.087524  0.5
2.578  0.487671  4.083252  0.5
2.568  0.487671  4.07959  0.5
2.559  0.487061  4.071655  0.5
2.549  0.48645  4.067993  0.5
2.539  0.48584  4.06311  0.5
2.529  0.48584  4.058838  0.5
2.52  0.485229  4.054565  0.5
2.51  0.48584  4.051514  0.5
2.5  -0.457153  4.04541  0.5
2.49  -0.568848  4.051514  -0.5
2.48  -0.566406  4.054565  -0.5
2.471  -0.562744  4.058838  -0.5
2.461  -0.558472  4.063721  -0.5
2.451  -0.549927  4.073486  -0.5
2.441  -0.546265  4.078979  -0.5
2.432  -0.543213  4.082642  -0.5
2.422  -0.540161  4.086304  -0.5
2.412  -0.53772  4.091187  -0.5
2.402  -0.532227  4.100342  -0.5
2.393  -0.529785  4.105225  -0.5
2.383  -0.527954  4.108887  -0.5
2.373  -0.525513  4.113159  -0.5
2.363  -0.523071  4.117432  -0.5
2.354  -0.519409  4.126587  -0.5
2.344  -0.516968  4.130859  -0.5
2.334  -0.516357  4.135132  -0.5
2.324  -0.515137  4.139404  -0.5
2.314  -0.513916  4.143066  -0.5
2.305  -0.511475  4.152832  -0.5
2.295  -0.510254  4.156494  -0.5
2.285  -0.509033  4.160156  -0.5
2.275  -0.507812  4.165039  -0.5
2.266  -0.506592  4.169312  -0.5
2.256  -0.505981  4.172974  -0.5
2.246  -0.50415  4.181519  -0.5
2.236  -0.50415  4.185791  -0.5
2.227  -0.50293  4.190063  -0.5
2.217  -0.502319  4.194336  -0.5
2.207  -0.501709  4.198608  -0.5
2.197  -0.501099  4.207153  -0.5
2.188  -0.500488  4.210815  -0.5
2.178  -0.499878  4.215088  -0.5
2.168  -0.499268  4.21936  -0.5
2.158  -0.498657  4.223022  -0.5
2.148  -0.498047  4.231567  -0.5
2.139  -0.497437  4.23584  -0.5
2.129  -0.497437  4.238281  -0.5
2.119  -0.497437  4.240112  -0.5
2.109  -0.496826  4.240723  -0.5
2.1  -0.496216  4.241943  -0.5
2.09  -0.495605  4.242554  -0.5
2.08  -0.495605  4.242554  -0.5
2.07  -0.495605  4.243774  -0.5
2.061  -0.495605  4.243774  -0.5
2.051  -0.494995  4.244995  -0.5
2.041  -0.494995  4.246826  -0.5
2.031  -0.494995  4.246216  -0.5
2.021  -0.494995  4.246216  -0.5
2.012  -0.494995  4.248047  -0.5
2.002  -0.494995  4.248657  -0.5
1.992  0.560303  4.295654  0.5
1.982  0.559692  4.293213  0.5
1.973  0.55481  4.28772  0.5
1.963  0.550537  4.283447  0.5
1.953  0.545654  4.278564  0.5
1.943  0.53894  4.269409  0.5
1.934  0.535278  4.264526  0.5
1.924  0.532227  4.260254  0.5
1.914  0.529785  4.255981  0.5
1.904  0.526123  4.251099  0.5
1.895  0.521851  4.241943  0.5
1.885  0.519409  4.237671  0.5
1.875  0.516968  4.233398  0.5
1.865  0.515747  4.229736  0.5
1.855  0.512695  4.224854  0.5
1.846  0.509644  4.216309  0.5
1.836  0.508423  4.212036  0.5
1.826  0.507202  4.207153  0.5
1.816  0.505981  4.204102  0.5
1.807  0.50354  4.199219  0.5
1.797  0.501709  4.191284  0.5
1.787  0.500488  4.186401  0.5
1.777  0.499268  4.182129  0.5
1.768  0.498657  4.179077  0.5
1.758  0.497437  4.173584  0.5
1.748  0.497437  4.169922  0.5
1.738  0.494995  4.161987  0.5
1.729  0.494385  4.157104  0.5
1.719  0.494385  4.152832  0.5
1.709  0.493164  4.14917  0.5
1.699  0.492554  4.144897  0.5
1.689  0.491333  4.136963  0.5
1.68  0.491333  4.133301  0.5
1.67  0.490723  4.129028  0.5
1.66  0.490723  4.124756  0.5
1.65  0.490112  4.121704  0.5
1.641  0.488892  4.112549  0.5
1.631  0.488892  4.108887  0.5
1.621  0.488281  4.104004  0.5
1.611  0.488892  4.100342  0.5
1.602  0.488281  4.096069  0.5
1.592  0.487671  4.086914  0.5
1.582  0.487671  4.083252  0.5
1.572  0.487671  4.07959  0.5
1.563  0.487671  4.075928  0.5
1.553  0.48645  4.071655  0.5
1.543  0.48584  4.0625  0.5
1.533  0.48584  4.059448  0.5
1.523  0.485229  4.055176  0.5
1.514  0.48584  4.051514  0.5
1.504  0.485229  4.047241  0.5
1.494  -0.384521  4.0448  -0.5
1.484  -0.566406  4.055176  -0.5
1.475  -0.563354  4.059448  -0.5
1.465  -0.558472  4.063721  -0.5
1.455  -0.55542  4.068604  -0.5
1.445  -0.551147  4.072876  -0.5
1.436  -0.544434  4.082031  -0.5
1.426  -0.541382  4.086304  -0.5
1.416  -0.53772  4.091797  -0.5
1.406  -0.535278  4.095459  -0.5
1.396  -0.532837  4.099121  -0.5
1.387  -0.527954  4.108887  -0.5
1.377  -0.525513  4.113159  -0.5
1.367  -0.523682  4.117432  -0.5
1.357  -0.522461  4.121704  -0.5
1.348  -0.52002  4.125977  -0.5
1.338  -0.516357  4.134521  -0.5
1.328  -0.515137  4.139404  -0.5
1.318  -0.513916  4.143066  -0.5
1.309  -0.512695  4.147949  -0.5
1.299  -0.511475  4.151001  -0.5
1.289  -0.510254  4.156494  -0.5
1.279  -0.508423  4.164429  -0.5
1.27  -0.507202  4.168701  -0.5
1.26  -0.505981  4.172363  -0.5
1.25  -0.505981  4.176636  -0.5
1.24  -0.504761  4.181519  -0.5
1.23  -0.50354  4.190063  -0.5
1.221  -0.502319  4.193726  -0.5
1.211  -0.501709  4.197998  -0.5
1.201  -0.501709  4.202271  -0.5
1.191  -0.501709  4.206543  -0.5
1.182  -0.500488  4.214478  -0.5
1.172  -0.499268  4.21936  -0.5
1.162  -0.498657  4.222412  -0.5
1.152  -0.498657  4.226685  -0.5
1.143  -0.498047  4.230957  -0.5
1.133  -0.498047  4.237671  -0.5
1.123  -0.497437  4.239502  -0.5
1.113  -0.497437  4.240723  -0.5
1.104  -0.496216  4.241333  -0.5
1.094  -0.496826  4.242554  -0.5
1.084  -0.496216  4.242554  -0.5
1.074  -0.496216  4.243774  -0.5
1.064  -0.496216  4.243774  -0.5
1.055  -0.495605  4.244385  -0.5
1.045  -0.494995  4.245605  -0.5
1.035  -0.495605  4.246826  -0.5
1.025  -0.494995  4.246216  -0.5
1.016  -0.494995  4.248657  -0.5
1.006  -0.494995  4.248047  -0.5
996.094  0.339355  4.30542  0.5
986.328  0.560303  4.295654  0.5
976.563  0.554199  4.28894  0.5
966.797  0.550537  4.283447  0.5
957.031  0.546265  4.279175  0.5
947.266  0.542603  4.274292  0.5
937.5  0.53833  4.269409  0.5
927.734  0.532227  4.260254  0.5
917.969  0.529785  4.255981  0.5
908.203  0.526123  4.251099  0.5
898.438  0.524292  4.247437  0.5
888.672  0.521851  4.243164  0.5
878.906  0.516968  4.234009  0.5
869.141  0.515137  4.229736  0.5
859.375  0.513306  4.224854  0.5
849.609  0.511475  4.220581  0.5
839.844  0.510254  4.216919  0.5
830.078  0.507202  4.208374  0.5
820.313  0.505371  4.204102  0.5
810.547  0.50415  4.199829  0.5
800.781  0.502319  4.194946  0.5
791.016  0.501709  4.191284  0.5
781.25  0.501099  4.186401  0.5
771.484  0.498657  4.178467  0.5
761.719  0.498047  4.174805  0.5
751.953  0.496826  4.169922  0.5
742.188  0.495605  4.16626  0.5
732.422  0.494995  4.161987  0.5
722.656  0.493774  4.152832  0.5
712.891  0.493774  4.14978  0.5
703.125  0.492554  4.145508  0.5
693.359  0.491943  4.141235  0.5
683.594  0.491333  4.137573  0.5
673.828  0.490723  4.129028  0.5
664.063  0.490112  4.125366  0.5
654.297  0.490112  4.121094  0.5
644.531  0.490112  4.116821  0.5
634.766  0.489502  4.112549  0.5
625  0.488281  4.104614  0.5
615.234  0.488281  4.100342  0.5
605.469  0.487671  4.096069  0.5
595.703  0.487671  4.091797  0.5
585.938  0.487061  4.088135  0.5
576.172  0.48584  4.07959  0.5
566.406  0.48645  4.075317  0.5
556.641  0.48645  4.071655  0.5
546.875  0.48645  4.068604  0.5
537.109  0.48584  4.06311  0.5
527.344  0.48584  4.058838  0.5
517.578  0.485229  4.050903  0.5
507.813  0.48584  4.047241  0.5
498.047  -0.311279  4.044189  -0.5
488.281  -0.568848  4.050293  -0.5
478.516  -0.566406  4.054565  -0.5
468.75  -0.559082  4.0625  -0.5
458.984  -0.55542  4.067993  -0.5
449.219  -0.551147  4.072266  -0.5
439.453  -0.547485  4.077148  -0.5
429.688  -0.544434  4.081421  -0.5
419.922  -0.53772  4.090576  -0.5
410.156  -0.535278  4.095459  -0.5
400.391  -0.532227  4.099731  -0.5
390.625  -0.530396  4.104004  -0.5
380.859  -0.528564  4.108276  -0.5
371.094  -0.523682  4.116821  -0.5
361.328  -0.521851  4.121704  -0.5
351.563  -0.52063  4.125366  -0.5
341.797  -0.518799  4.130249  -0.5
332.031  -0.516357  4.134521  -0.5
322.266  -0.513916  4.143066  -0.5
312.5  -0.513306  4.147339  -0.5
302.734  -0.512085  4.151611  -0.5
292.969  -0.510864  4.155884  -0.5
283.203  -0.509644  4.160156  -0.5
273.438  -0.507812  4.163818  -0.5
263.672  -0.506592  4.172363  -0.5
253.906  -0.505981  4.176636  -0.5
244.141  -0.505371  4.180908  -0.5
234.375  -0.50415  4.185181  -0.5
224.609  -0.50354  4.189453  -0.5
214.844  -0.502319  4.197388  -0.5
205.078  -0.502319  4.202271  -0.5
195.313  -0.501099  4.205933  -0.5
185.547  -0.501099  4.210205  -0.5
175.781  -0.500488  4.214478  -0.5
166.016  -0.498657  4.223022  -0.5
156.25  -0.498657  4.226685  -0.5
146.484  -0.498047  4.230957  -0.5
136.719  -0.498047  4.234619  -0.5
126.953  -0.497437  4.238281  -0.5
117.188  -0.497437  4.240112  -0.5
107.422  -0.496826  4.240723  -0.5
97.656  -0.496216  4.242554  -0.5
87.891  -0.496826  4.242554  -0.5
78.125  -0.496216  4.242554  -0.5
68.359  -0.496216  4.243774  -0.5
58.594  -0.495605  4.243774  -0.5
48.828  -0.495605  4.245605  -0.5
39.063  -0.495605  4.246216  -0.5
29.297  -0.494995  4.246216  -0.5
19.531  -0.494995  4.246826  -0.5
9.766  -0.494995  4.248047  -0.5
0  0.266113  4.301147  -0.5
-9.766  0.560913  4.296265  0.5
-19.531  0.559692  4.293823  0.5
-29.297  0.55542  4.28894  0.5
-39.063  0.546265  4.279175  0.5
-48.828  0.542603  4.274292  0.5
-58.594  0.53894  4.269409  0.5
-68.359  0.535889  4.265137  0.5
-78.125  0.532227  4.260254  0.5
-87.891  0.526733  4.250488  0.5
-97.656  0.524292  4.247437  0.5
-107.422  0.521851  4.242554  0.5
-117.188  0.52002  4.238281  0.5
-126.953  0.516968  4.234009  0.5
-136.719  0.513306  4.225464  0.5
-146.484  0.512085  4.221191  0.5
-156.25  0.509644  4.216309  0.5
-166.016  0.508423  4.212036  0.5
-175.781  0.507202  4.208374  0.5
-185.547  0.50354  4.199829  0.5
-195.313  0.50293  4.195557  0.5
-205.078  0.501709  4.191895  0.5
-214.844  0.500488  4.187012  0.5
-224.609  0.499268  4.182739  0.5
-234.375  0.498657  4.179077  0.5
-244.141  0.497437  4.170532  0.5
-253.906  0.496216  4.16687  0.5
-263.672  0.494995  4.161987  0.5
-273.438  0.494385  4.158325  0.5
-283.203  0.493774  4.153442  0.5
-292.969  0.491943  4.146118  0.5
-302.734  0.491943  4.141235  0.5
-312.5  0.491333  4.137573  0.5
-322.266  0.491333  4.133911  0.5
-332.031  0.490112  4.129028  0.5
-341.797  0.490112  4.121094  0.5
-351.563  0.489502  4.117432  0.5
-361.328  0.488892  4.112549  0.5
-371.094  0.488892  4.108887  0.5
-380.859  0.488281  4.104614  0.5
-390.625  0.487671  4.09668  0.5
-400.391  0.487671  4.091797  0.5
-410.156  0.487061  4.087524  0.5
-419.922  0.48645  4.083862  0.5
-429.688  0.48645  4.0802  0.5
-439.453  0.48645  4.076538  0.5
-449.219  0.485229  4.067993  0.5
-458.984  0.48584  4.063721  0.5
-468.75  0.485229  4.059448  0.5
-478.516  0.485229  4.055176  0.5
-488.281  0.484619  4.050903  0.5
-498.047  -0.238037  4.043579  0.5
-507.813  -0.569458  4.049683  -0.5
-517.578  -0.567017  4.054565  -0.5
-527.344  -0.563965  4.058838  -0.5
-537.109  -0.559692  4.0625  -0.5
-546.875  -0.551147  4.071655  -0.5
-556.641  -0.547485  4.077148  -0.5
-566.406  -0.544434  4.081421  -0.5
-576.172  -0.541992  4.085693  -0.5
-585.938  -0.53894  4.089966  -0.5
-595.703  -0.533447  4.099731  -0.5
-605.469  -0.531006  4.103394  -0.5
-615.234  -0.528564  4.107666  -0.5
-625  -0.526733  4.112549  -0.5
-634.766  -0.524292  4.116821  -0.5
-644.531  -0.52063  4.125366  -0.5
-654.297  -0.518799  4.130249  -0.5
-664.063  -0.516357  4.134521  -0.5
-673.828  -0.515747  4.138794  -0.5
-683.594  -0.514526  4.143066  -0.5
-693.359  -0.513306  4.147339  -0.5
-703.125  -0.510864  4.155884  -0.5
-712.891  -0.509644  4.160156  -0.5
-722.656  -0.508423  4.163818  -0.5
-732.422  -0.507812  4.16748  -0.5
-742.188  -0.507202  4.172363  -0.5
-751.953  -0.505371  4.180908  -0.5
-761.719  -0.50415  4.18457  -0.5
-771.484  -0.50354  4.189453  -0.5
-781.25  -0.50293  4.193115  -0.5
-791.016  -0.502319  4.196777  -0.5
-800.781  -0.501709  4.205933  -0.5
-810.547  -0.501099  4.209595  -0.5
-820.313  -0.500488  4.213867  -0.5
-830.078  -0.500488  4.21814  -0.5
-839.844  -0.499268  4.222412  -0.5
-849.609  -0.498657  4.230347  -0.5
-859.375  -0.498657  4.234009  -0.5
-869.141  -0.498047  4.237671  -0.5
-878.906  -0.498047  4.238892  -0.5
-888.672  -0.496826  4.240112  -0.5
-898.438  -0.496826  4.241943  -0.5
-908.203  -0.496826  4.241943  -0.5
-917.969  -0.496216  4.241333  -0.5
-927.734  -0.496216  4.243774  -0.5
-937.5  -0.496216  4.243774  -0.5
-947.266  -0.496216  4.243774  -0.5
-957.031  -0.495605  4.245605  -0.5
-966.797  -0.494995  4.245605  -0.5
-976.563  -0.494995  4.246826  -0.5
-986.328  -0.494995  4.246826  -0.5
-996.094  -0.494995  4.247437  -0.5
-1.006  0.560303  4.295654  0.5
-1.016  0.559692  4.293213  0.5
-1.025  0.55542  4.28894  0.5
-1.035  0.551147  4.283447  0.5
-1.045  0.546875  4.279175  0.5
-1.055  0.53894  4.269409  0.5
-1.064  0.535278  4.265137  0.5
-1.074  0.532227  4.260254  0.5
-1.084  0.530396  4.256592  0.5
-1.094  0.526733  4.251709  0.5
-1.104  0.521851  4.242554  0.5
-1.113  0.52002  4.238892  0.5
-1.123  0.516968  4.234009  0.5
-1.133  0.515137  4.229736  0.5
-1.143  0.513916  4.226074  0.5
-1.152  0.509644  4.216919  0.5
-1.162  0.508423  4.212646  0.5
-1.172  0.507202  4.208984  0.5
-1.182  0.505371  4.204102  0.5
-1.191  0.50354  4.199829  0.5
-1.201  0.50293  4.196167  0.5
-1.211  0.500488  4.187012  0.5
-1.221  0.499878  4.18396  0.5
-1.23  0.498657  4.179077  0.5
-1.24  0.497437  4.174805  0.5
-1.25  0.496826  4.170532  0.5
-1.26  0.494385  4.161987  0.5
-1.27  0.494385  4.158325  0.5
-1.279  0.493774  4.154663  0.5
-1.289  0.493164  4.14978  0.5
-1.299  0.492554  4.146118  0.5
-1.309  0.491333  4.137573  0.5
-1.318  0.491333  4.133911  0.5
-1.328  0.490723  4.129639  0.5
-1.338  0.490112  4.125366  0.5
-1.348  0.489502  4.121094  0.5
-1.357  0.489502  4.113159  0.5
-1.367  0.488892  4.109497  0.5
-1.377  0.488281  4.104614  0.5
-1.387  0.488281  4.100952  0.5
-1.396  0.488281  4.09668  0.5
-1.406  0.487671  4.088135  0.5
-1.416  0.487671  4.083862  0.5
-1.426  0.487671  4.07959  0.5
-1.436  0.487061  4.075928  0.5
-1.445  0.48645  4.072876  0.5
-1.455  0.48584  4.067993  0.5
-1.465  0.48584  4.060059  0.5
-1.475  0.48584  4.055786  0.5
-1.484  0.485229  4.052124  0.5
-1.494  0.485229  4.047852  0.5
-1.504  -0.165405  4.042969  -0.5
-1.514  -0.567017  4.053345  -0.5
-1.523  -0.563965  4.058228  -0.5
-1.533  -0.559692  4.06189  -0.5
-1.543  -0.55603  4.067383  -0.5
-1.553  -0.551758  4.071655  -0.5
-1.563  -0.545044  4.080811  -0.5
-1.572  -0.541382  4.085083  -0.5
-1.582  -0.53833  4.089355  -0.5
-1.592  -0.535889  4.094849  -0.5
-1.602  -0.533447  4.098511  -0.5
-1.611  -0.528564  4.107666  -0.5
-1.621  -0.526733  4.111328  -0.5
-1.631  -0.524902  4.115601  -0.5
-1.641  -0.522461  4.120483  -0.5
-1.65  -0.52063  4.125366  -0.5
-1.66  -0.516968  4.133911  -0.5
-1.67  -0.515747  4.138184  -0.5
-1.68  -0.513916  4.142456  -0.5
-1.689  -0.513306  4.146729  -0.5
-1.699  -0.512085  4.150391  -0.5
-1.709  -0.510864  4.154663  -0.5
-1.719  -0.508423  4.163208  -0.5
-1.729  -0.507812  4.16748  -0.5
-1.738  -0.507202  4.171143  -0.5
-1.748  -0.505981  4.176025  -0.5
-1.758  -0.505371  4.179688  -0.5
-1.768  -0.50354  4.188843  -0.5
-1.777  -0.50354  4.192505  -0.5
-1.787  -0.50293  4.196777  -0.5
-1.797  -0.502319  4.20105  -0.5
-1.807  -0.501709  4.205322  -0.5
-1.816  -0.500488  4.213867  -0.5
-1.826  -0.499878  4.21814  -0.5
-1.836  -0.499878  4.221191  -0.5
-1.846  -0.498657  4.226074  -0.5
-1.855  -0.498047  4.230347  -0.5
-1.865  -0.497437  4.237671  -0.5
-1.875  -0.497437  4.238892  -0.5
-1.885  -0.496826  4.239502  -0.5
-1.895  -0.496826  4.240723  -0.5
-1.904  -0.496826  4.241333  -0.5
-1.914  -0.496216  4.242554  -0.5
-1.924  -0.496216  4.243774  -0.5
-1.934  -0.496216  4.243774  -0.5
-1.943  -0.495605  4.243774  -0.5
-1.953  -0.495605  4.244995  -0.5
-1.963  -0.495605  4.245605  -0.5
-1.973  -0.494995  4.246826  -0.5
-1.982  -0.494995  4.246826  -0.5
-1.992  -0.494995  4.248047  -0.5
-2.002  0.119629  4.293823  0.5
-2.012  0.560303  4.296265  0.5
-2.021  0.55603  4.289551  0.5
-2.031  0.551147  4.283447  0.5
-2.041  0.547485  4.279785  0.5
-2.051  0.543213  4.274902  0.5
-2.061  0.539551  4.27002  0.5
-2.07  0.532837  4.260864  0.5
-2.08  0.530396  4.255981  0.5
-2.09  0.527344  4.251709  0.5
-2.1  0.524292  4.247437  0.5
-2.109  0.521851  4.243164  0.5
-2.119  0.517578  4.234009  0.5
-2.129  0.515747  4.229736  0.5
-2.139  0.513306  4.225464  0.5
-2.148  0.511475  4.221191  0.5
-2.158  0.509644  4.216919  0.5
-2.168  0.509033  4.212646  0.5
-2.178  0.505371  4.204102  0.5
-2.188  0.50415  4.200439  0.5
-2.197  0.50293  4.196167  0.5
-2.207  0.501099  4.190674  0.5
-2.217  0.501099  4.187012  0.5
-2.227  0.498657  4.179077  0.5
-2.236  0.497437  4.174194  0.5
-2.246  0.496826  4.170532  0.5
-2.256  0.496216  4.16687  0.5
-2.266  0.494995  4.163208  0.5
-2.275  0.493774  4.154053  0.5
-2.285  0.493164  4.14978  0.5
-2.295  0.492554  4.145508  0.5
-2.305  0.492554  4.141846  0.5
-2.314  0.491333  4.138184  0.5
-2.324  0.490723  4.129639  0.5
-2.334  0.490723  4.125977  0.5
-2.344  0.489502  4.121094  0.5
-2.354  0.489502  4.117432  0.5
-2.363  0.488892  4.113159  0.5
-2.373  0.488892  4.104614  0.5
-2.383  0.488892  4.100952  0.5
-2.393  0.488281  4.09668  0.5
-2.402  0.488281  4.092407  0.5
-2.412  0.487671  4.088135  0.5
-2.422  0.487671  4.084473  0.5
-2.432  0.48645  4.075928  0.5
-2.441  0.48584  4.071655  0.5
-2.451  0.48584  4.068604  0.5
-2.461  0.48584  4.06311  0.5
-2.471  0.48645  4.060669  0.5
-2.48  0.485229  4.051514  0.5
-2.49  0.485229  4.047852  0.5
-2.5  -0.092163  4.043579  0.5
-2.51  -0.570068  4.049683  -0.5
-2.52  -0.567627  4.053345  -0.5
-2.529  -0.560303  4.061279  -0.5
-2.539  -0.556641  4.066162  -0.5
-2.549  -0.552368  4.071045  -0.5
-2.559  -0.548096  4.075928  -0.5
-2.568  -0.545044  4.07959  -0.5
-2.578  -0.53894  4.089355  -0.5
-2.588  -0.535889  4.093628  -0.5
-2.598  -0.533447  4.0979  -0.5
-2.607  -0.531006  4.102783  -0.5
-2.617  -0.528564  4.107056  -0.5
-2.627  -0.524902  4.116211  -0.5
-2.637  -0.522461  4.120483  -0.5
-2.646  -0.52124  4.124146  -0.5
-2.656  -0.519409  4.129639  -0.5
-2.666  -0.516968  4.133301  -0.5
-2.676  -0.515747  4.137573  -0.5
-2.686  -0.513306  4.146118  -0.5
-2.695  -0.512085  4.14978  -0.5
-2.705  -0.510864  4.154663  -0.5
-2.715  -0.509644  4.159546  -0.5
-2.725  -0.508423  4.163208  -0.5
-2.734  -0.506592  4.171143  -0.5
-2.744  -0.505981  4.176025  -0.5
-2.754  -0.505371  4.179688  -0.5
-2.764  -0.504761  4.18396  -0.5
-2.773  -0.50415  4.188232  -0.5
-2.783  -0.502319  4.195557  -0.5
-2.793  -0.502319  4.20105  -0.5
-2.803  -0.501709  4.204712  -0.5
-2.813  -0.501099  4.209595  -0.5
-2.822  -0.500488  4.213257  -0.5
-2.832  -0.499268  4.220581  -0.5
-2.842  -0.498657  4.226074  -0.5
-2.852  -0.498657  4.229736  -0.5
-2.861  -0.498047  4.232788  -0.5
-2.871  -0.498047  4.238281  -0.5
-2.881  -0.497437  4.239502  -0.5
-2.891  -0.496826  4.240723  -0.5
-2.9  -0.496216  4.241333  -0.5
-2.91  -0.496826  4.241333  -0.5
-2.92  -0.496216  4.242554  -0.5
-2.93  -0.496216  4.243164  -0.5
-2.939  -0.495605  4.243774  -0.5
-2.949  -0.495605  4.244995  -0.5
-2.959  -0.495605  4.244995  -0.5
-2.969  -0.495605  4.245605  -0.5
-2.979  -0.494995  4.246826  -0.5
-2.988  -0.494995  4.247437  -0.5
-2.998  0.046387  4.290771  -0.5
-3.008  0.560303  4.296265  0.5
-3.018  0.559692  4.293823  0.5
-3.027  0.55603  4.289551  0.5
-3.037  0.547485  4.279785  0.5
-3.047  0.543213  4.274902  0.5
-3.057  0.539551  4.27063  0.5
-3.066  0.535889  4.266357  0.5
-3.076  0.532837  4.262085  0.5
-3.086  0.527344  4.252319  0.5
-3.096  0.524292  4.247437  0.5
-3.105  0.522461  4.243774  0.5
-3.115  0.52002  4.238892  0.5
-3.125  0.517578  4.235229  0.5
-3.135  0.513916  4.226074  0.5
-3.145  0.512085  4.221802  0.5
-3.154  0.510254  4.217529  0.5
-3.164  0.508423  4.212646  0.5
-3.174  0.507202  4.209595  0.5
-3.184  0.505371  4.204712  0.5
-3.193  0.50293  4.196777  0.5
-3.203  0.501709  4.192505  0.5
-3.213  0.500488  4.187622  0.5
-3.223  0.499268  4.18335  0.5
-3.232  0.499268  4.179077  0.5
-3.242  0.497437  4.171143  0.5
-3.252  0.496216  4.16687  0.5
-3.262  0.494995  4.163208  0.5
-3.271  0.494995  4.158325  0.5
-3.281  0.494385  4.154663  0.5
-3.291  0.493164  4.146729  0.5
-3.301  0.491943  4.141846  0.5
-3.311  0.491943  4.138184  0.5
-3.32  0.490723  4.133911  0.5
-3.33  0.490723  4.129639  0.5
-3.34  0.490112  4.121704  0.5
-3.35  0.489502  4.116821  0.5
-3.359  0.489502  4.11377  0.5
-3.369  0.488892  4.108887  0.5
-3.379  0.488892  4.104614  0.5
-3.389  0.488281  4.09668  0.5
-3.398  0.488281  4.092407  0.5
-3.408  0.488281  4.089355  0.5
-3.418  0.48645  4.084473  0.5
-3.428  0.487061  4.080811  0.5
-3.438  0.48645  4.075928  0.5
-3.447  0.48645  4.067993  0.5
-3.457  0.485229  4.06311  0.5
-3.467  0.48584  4.060669  0.5
-3.477  0.485229  4.055786  0.5
-3.486  0.48584  4.052124  0.5
-3.496  -0.018311  4.043579  0.5
-3.506  -0.570068  4.048462  -0.5
-3.516  -0.567627  4.052734  -0.5
-3.525  -0.564575  4.057617  -0.5
-3.535  -0.560303  4.061279  -0.5
-3.545  -0.552368  4.071045  -0.5
-3.555  -0.548096  4.075317  -0.5
-3.564  -0.545654  4.07959  -0.5
-3.574  -0.541992  4.084473  -0.5
-3.584  -0.53833  4.088745  -0.5
-3.594  -0.533447  4.0979  -0.5
-3.604  -0.531006  4.102173  -0.5
-3.613  -0.528564  4.106445  -0.5
-3.623  -0.526733  4.110718  -0.5
-3.633  -0.524902  4.115601  -0.5
-3.643  -0.52063  4.124756  -0.5
-3.652  -0.518799  4.129028  -0.5
-3.662  -0.516968  4.13269  -0.5
-3.672  -0.515747  4.137573  -0.5
-3.682  -0.514526  4.141235  -0.5
-3.691  -0.513306  4.145508  -0.5
-3.701  -0.510864  4.154053  -0.5
-3.711  -0.510254  4.158325  -0.5
-3.721  -0.508423  4.162598  -0.5
-3.73  -0.507202  4.16626  -0.5
-3.74  -0.506592  4.170532  -0.5
-3.75  -0.505371  4.179077  -0.5
-3.76  -0.504761  4.18396  -0.5
-3.77  -0.50354  4.187622  -0.5
-3.779  -0.50354  4.191895  -0.5
-3.789  -0.50293  4.196167  -0.5
-3.799  -0.501709  4.204102  -0.5
-3.809  -0.500488  4.208374  -0.5
-3.818  -0.500488  4.212646  -0.5
-3.828  -0.499878  4.216309  -0.5
-3.838  -0.499268  4.221191  -0.5
-3.848  -0.498657  4.229736  -0.5
-3.857  -0.498047  4.232788  -0.5
-3.867  -0.498047  4.237061  -0.5
-3.877  -0.497437  4.238892  -0.5
-3.887  -0.497437  4.239502  -0.5
-3.896  -0.496826  4.241333  -0.5
-3.906  -0.496216  4.241333  -0.5
-3.916  -0.496216  4.242554  -0.5
-3.926  -0.495605  4.243164  -0.5
-3.936  -0.495605  4.243164  -0.5
-3.945  -0.495605  4.243774  -0.5
-3.955  -0.494995  4.244995  -0.5
-3.965  -0.494995  4.244995  -0.5
-3.975  -0.494995  4.246826  -0.5
-3.984  -0.494385  4.246826  -0.5
-3.994  -0.494385  4.247437  -0.5
-4.004  0.560303  4.296875  0.5
-4.014  0.560303  4.293823  0.5
-4.023  0.557251  4.290161  0.5
-4.033  0.552368  4.284668  0.5
-4.043  0.548096  4.279785  0.5
-4.053  0.540161  4.27063  0.5
-4.063  0.537109  4.266357  0.5
-4.072  0.533447  4.261475  0.5
-4.082  0.531006  4.257202  0.5
-4.092  0.527344  4.252319  0.5
-4.102  0.522461  4.243774  0.5
-4.111  0.52124  4.240112  0.5
-4.121  0.518188  4.235229  0.5
-4.131  0.515747  4.230957  0.5
-4.141  0.513916  4.226685  0.5
-4.15  0.512085  4.221802  0.5
-4.16  0.509033  4.213257  0.5
-4.17  0.507202  4.209595  0.5
-4.18  0.505981  4.205322  0.5
-4.189  0.50415  4.200439  0.5
-4.199  0.50293  4.196777  0.5
-4.209  0.501099  4.187622  0.5
-4.219  0.499878  4.18396  0.5
-4.229  0.499268  4.179077  0.5
-4.238  0.498047  4.174805  0.5
-4.248  0.497437  4.171143  0.5
-4.258  0.494995  4.162598  0.5
-4.268  0.494995  4.158936  0.5
-4.277  0.493774  4.154663  0.5
-4.287  0.493774  4.150391  0.5
-4.297  0.493164  4.146729  0.5
-4.307  0.491943  4.138184  0.5
-4.316  0.491333  4.133911  0.5
-4.326  0.490723  4.129639  0.5
-4.336  0.490723  4.125977  0.5
-4.346  0.490723  4.121704  0.5
-4.355  0.489502  4.11438  0.5
-4.365  0.488892  4.108887  0.5
-4.375  0.488281  4.105225  0.5
-4.385  0.488281  4.102173  0.5
-4.395  0.488281  4.09729  0.5
-4.404  0.487671  4.092407  0.5
-4.414  0.487061  4.084473  0.5
-4.424  0.487061  4.0802  0.5
-4.434  0.487061  4.077148  0.5
-4.443  0.48584  4.072266  0.5
-4.453  0.48645  4.069214  0.5
-4.463  0.48584  4.060669  0.5
-4.473  0.48584  4.056396  0.5
-4.482  0.485229  4.052124  0.5
-4.492  0.485229  4.047852  0.5
-4.502  0.054321  4.042969  -0.5
-4.512  -0.568237  4.052734  -0.5
-4.521  -0.565186  4.057007  -0.5
-4.531  -0.560913  4.060669  -0.5
-4.541  -0.557251  4.065552  -0.5
-4.551  -0.552979  4.070435  -0.5
-4.561  -0.545654  4.078979  -0.5
-4.57  -0.542603  4.083862  -0.5
-4.58  -0.53894  4.088135  -0.5
-4.59  -0.536499  4.093018  -0.5
-4.6  -0.534058  4.0979  -0.5
-4.609  -0.529175  4.105835  -0.5
-4.619  -0.526733  4.110107  -0.5
-4.629  -0.525513  4.11499  -0.5
-4.639  -0.523071  4.119263  -0.5
-4.648  -0.52063  4.123535  -0.5
-4.658  -0.519409  4.128418  -0.5
-4.668  -0.515747  4.136963  -0.5
-4.678  -0.514526  4.140625  -0.5
-4.688  -0.513306  4.144897  -0.5
-4.697  -0.512085  4.14917  -0.5
-4.707  -0.510864  4.154053  -0.5
-4.717  -0.509033  4.161987  -0.5
-4.727  -0.507202  4.16626  -0.5
-4.736  -0.507202  4.169922  -0.5
-4.746  -0.505981  4.174194  -0.5
-4.756  -0.505371  4.178467  -0.5
-4.766  -0.50415  4.187012  -0.5
-4.775  -0.50354  4.191284  -0.5
-4.785  -0.502319  4.196167  -0.5
-4.795  -0.502319  4.199829  -0.5
-4.805  -0.501709  4.203491  -0.5
-4.814  -0.500488  4.212646  -0.5
-4.824  -0.499878  4.216919  -0.5
-4.834  -0.499878  4.220581  -0.5
-4.844  -0.498657  4.224854  -0.5
-4.854  -0.498657  4.228516  -0.5
-4.863  -0.498047  4.23645  -0.5
-4.873  -0.498047  4.238281  -0.5
-4.883  -0.497437  4.238892  -0.5
-4.893  -0.497437  4.240723  -0.5
-4.902  -0.496826  4.240723  -0.5
-4.912  -0.496826  4.241333  -0.5
-4.922  -0.496216  4.242554  -0.5
-4.932  -0.495605  4.243164  -0.5
-4.941  -0.495605  4.244385  -0.5
-4.951  -0.495605  4.244385  -0.5
-4.961  -0.495605  4.244385  -0.5
-4.971  -0.494995  4.246826  -0.5
-4.98  -0.494995  4.247437  -0.5
-4.99  -0.494995  4.246826  -0.5
