1.000000000000000000e+01 2.603427824771336052e+00 8.310910843322142583e+00
1.485643640495302265e+01 1.596884078831049658e+00 4.065467818683844214e+00
2.207137026544134528e+01 7.310111102099567937e-01 -2.721520448087390687e+00
3.279019087187004544e+01 4.943969468218760155e-01 -6.118484398453817086e+00
4.871453853942084322e+01 3.356169938621201276e-01 -9.483121138410773199e+00
7.237244438075387620e+01 2.272744662064661580e-01 -1.286898707155719990e+01
1.075196617413669742e+02 2.044599193489038680e-01 -1.378783629705793246e+01
1.597359016942679659e+02 1.405574413777571918e-01 -1.704292314147250664e+01
2.373106265108718560e+02 1.008067376066174997e-01 -1.993020880074892176e+01
3.525590230978324371e+02 7.393495157735129053e-02 -2.262300414449034847e+01
5.237770705645314138e+02 5.446626916584480088e-02 -2.527744744081174133e+01
7.781460739214555815e+02 4.356173426251855330e-02 -2.721789677224209925e+01
1.156047766097797194e+03 6.343837104927479986e-02 -2.395295954451331966e+01
1.717475011811992317e+03 5.714652861915785198e-02 -2.486020291598929433e+01
2.551555829008081673e+03 5.274699005649814004e-02 -2.555604635630205479e+01
3.790702690734577118e+03 5.044184293460000912e-02 -2.594418108999422401e+01
5.631633345498251401e+03 4.936751522232431244e-02 -2.613117462489852016e+01
8.366600265340755868e+03 4.944906557199980207e-02 -2.611683821511096681e+01
1.242978647676979563e+04 5.312787592766341632e-02 -2.549355093997770183e+01
1.846623323192758471e+04 5.920792612819800876e-02 -2.455240301306814033e+01
2.743424196491621115e+04 6.930751067933206555e-02 -2.318439398890561165e+01
4.075750710698709008e+04 8.250572267983605212e-02 -2.167031854607299834e+01
6.055113123593755154e+04 1.038665381290535539e-01 -1.967048686339631303e+01
8.995740304546701373e+04 1.259626086525508226e-01 -1.799516707635346435e+01
1.336446437499707390e+05 1.530817082357820991e-01 -1.630153400273772135e+01
1.985483150734041701e+05 1.808197402409724153e-01 -1.485508317967508596e+01
2.949720416198602761e+05 1.858895267286610475e-01 -1.461490156573271193e+01
4.382233377564616967e+05 1.968252833059184470e-01 -1.411838229543423573e+01
6.510437148545118980e+05 2.118758974051460076e-01 -1.347836889969731722e+01
9.672189546580419410e+05 1.820335072005448696e-01 -1.479697326745079522e+01
1.436942688954236219e+06 1.642746086911074377e-01 -1.568859117287161986e+01
2.134784767601079307e+06 1.199232181174222783e-01 -1.842193451582293662e+01
3.171529413812783081e+06 1.030055882797162731e-01 -1.974278426449675194e+01
4.711762504274752922e+06 8.794746330157091063e-02 -2.111553365056992959e+01
7.000000000000001863e+06 7.475610624510421742e-02 -2.252706654829966482e+01
