time	V(vin)	V(vout)
0.000000000000000e+000	-3.000000e+000	8.477051e+000
1.000000000000000e-006	-3.000000e+000	8.477051e+000
2.000000000000000e-006	3.000000e+000	8.477137e+000
3.674980679882249e-004	3.000000e+000	8.477053e+000
7.329961359764499e-004	3.000000e+000	8.476985e+000
1.098494203964675e-003	3.000000e+000	8.476933e+000
1.463992271952900e-003	3.000000e+000	8.476896e+000
1.829490339941125e-003	3.000000e+000	8.476875e+000
2.194988407929349e-003	3.000000e+000	8.476869e+000
2.560486475917573e-003	3.000000e+000	8.476879e+000
4.122986475917573e-003	3.000000e+000	8.476132e+000
4.913510609225525e-003	3.000000e+000	8.473237e+000
5.526525389317001e-003	3.000000e+000	8.466656e+000
6.021184575384466e-003	3.000000e+000	8.456295e+000
6.563304309779276e-003	3.000000e+000	8.434741e+000
7.024169389136691e-003	3.000000e+000	8.397580e+000
7.259500120770989e-003	3.000000e+000	8.358702e+000
7.489820600228975e-003	3.000000e+000	8.300981e+000
7.622132494319464e-003	3.000000e+000	8.262816e+000
7.748471993616194e-003	3.000000e+000	8.225101e+000
7.959516259049350e-003	3.000000e+000	8.161841e+000
1.153431628913503e-002	3.000000e+000	7.089408e+000
1.510911631922071e-002	3.000000e+000	6.016976e+000
1.868391634930639e-002	3.000000e+000	4.944544e+000
2.225871637939208e-002	3.000000e+000	3.872112e+000
2.583351640947776e-002	3.000000e+000	2.799681e+000
2.940831643956344e-002	3.000000e+000	1.727251e+000
3.298311646964911e-002	3.000000e+000	6.548213e-001
5.954561646964914e-002	3.000000e+000	-7.313787e+000
6.110811646964914e-002	3.000000e+000	-7.782499e+000
6.267061646964914e-002	3.000000e+000	-8.236117e+000
6.333518914104011e-002	3.000000e+000	-8.388244e+000
6.371062855518092e-002	3.000000e+000	-8.432667e+000
6.400053177356647e-002	3.000000e+000	-8.446119e+000
6.482988575739532e-002	3.000000e+000	-8.463484e+000
6.557167240102371e-002	3.000000e+000	-8.471005e+000
6.656376985758188e-002	3.000000e+000	-8.475462e+000
6.762969268567522e-002	3.000000e+000	-8.476639e+000
6.826493582351695e-002	3.000000e+000	-8.476664e+000
6.913104602080679e-002	3.000000e+000	-8.476663e+000
7.069354602080678e-002	3.000000e+000	-8.476663e+000
7.225604602080678e-002	3.000000e+000	-8.476663e+000
7.381854602080677e-002	3.000000e+000	-8.476663e+000
7.538104602080677e-002	3.000000e+000	-8.476663e+000
7.694354602080676e-002	3.000000e+000	-8.476663e+000
7.850604602080676e-002	3.000000e+000	-8.476663e+000
8.006854602080675e-002	3.000000e+000	-8.476663e+000
8.163104602080674e-002	3.000000e+000	-8.476663e+000
8.319354602080674e-002	3.000000e+000	-8.476664e+000
8.475604602080673e-002	3.000000e+000	-8.476664e+000
8.631854602080673e-002	3.000000e+000	-8.476664e+000
8.788104602080672e-002	3.000000e+000	-8.476664e+000
8.944354602080672e-002	3.000000e+000	-8.476664e+000
9.100604602080671e-002	3.000000e+000	-8.476664e+000
9.256854602080671e-002	3.000000e+000	-8.476664e+000
9.413104602080670e-002	3.000000e+000	-8.476664e+000
9.569354602080669e-002	3.000000e+000	-8.476664e+000
9.725604602080669e-002	3.000000e+000	-8.476664e+000
9.764832516069145e-002	3.000000e+000	-8.476663e+000
9.804060430057621e-002	3.000000e+000	-8.476663e+000
9.843288344046097e-002	3.000000e+000	-8.476663e+000
9.882516258034572e-002	3.000000e+000	-8.476663e+000
9.921744172023049e-002	3.000000e+000	-8.476663e+000
9.960972086011524e-002	3.000000e+000	-8.476663e+000
1.000020000000000e-001	3.000000e+000	-8.476663e+000
1.000030000000000e-001	-3.000000e+000	-8.476749e+000
1.003774857142835e-001	-3.000000e+000	-8.476693e+000
1.007519714285670e-001	-3.000000e+000	-8.476651e+000
1.011264571428505e-001	-3.000000e+000	-8.476624e+000
1.015009428571340e-001	-3.000000e+000	-8.476612e+000
1.018754285714175e-001	-3.000000e+000	-8.476614e+000
1.022499142857010e-001	-3.000000e+000	-8.476631e+000
1.026243999999845e-001	-3.000000e+000	-8.476664e+000
1.041868999999844e-001	-3.000000e+000	-8.475627e+000
1.049144216533907e-001	-3.000000e+000	-8.472049e+000
1.055652787799048e-001	-3.000000e+000	-8.463789e+000
1.059998432926579e-001	-3.000000e+000	-8.453394e+000
1.065307562908317e-001	-3.000000e+000	-8.429723e+000
1.069247103247927e-001	-3.000000e+000	-8.394105e+000
1.071544106271729e-001	-3.000000e+000	-8.353584e+000
1.073752961855977e-001	-3.000000e+000	-8.296926e+000
1.075012751119982e-001	-3.000000e+000	-8.260356e+000
1.076176317837983e-001	-3.000000e+000	-8.225605e+000
1.078017791029615e-001	-3.000000e+000	-8.170408e+000
1.098491675725417e-001	-3.000000e+000	-7.556201e+000
1.598491675725415e-001	-3.000000e+000	7.443720e+000
1.614116675725415e-001	-3.000000e+000	7.909784e+000
1.629741675725415e-001	-3.000000e+000	8.328429e+000
1.636012667006693e-001	-3.000000e+000	8.425301e+000
1.641988404686784e-001	-3.000000e+000	8.453861e+000
1.646787469424797e-001	-3.000000e+000	8.463600e+000
1.652076584419773e-001	-3.000000e+000	8.469488e+000
1.662387835459002e-001	-3.000000e+000	8.474940e+000
1.673021873519699e-001	-3.000000e+000	8.476693e+000
1.679583533764372e-001	-3.000000e+000	8.476810e+000
1.688053899654292e-001	-3.000000e+000	8.476828e+000
1.703678899654292e-001	-3.000000e+000	8.476859e+000
1.719303899654292e-001	-3.000000e+000	8.476887e+000
1.734928899654292e-001	-3.000000e+000	8.476911e+000
1.750553899654292e-001	-3.000000e+000	8.476931e+000
1.766178899654292e-001	-3.000000e+000	8.476948e+000
1.781803899654292e-001	-3.000000e+000	8.476963e+000
1.797428899654291e-001	-3.000000e+000	8.476976e+000
1.813053899654291e-001	-3.000000e+000	8.476987e+000
1.828678899654291e-001	-3.000000e+000	8.476995e+000
1.844303899654291e-001	-3.000000e+000	8.477004e+000
1.859928899654291e-001	-3.000000e+000	8.477011e+000
1.875553899654291e-001	-3.000000e+000	8.477016e+000
1.891178899654291e-001	-3.000000e+000	8.477022e+000
1.906803899654291e-001	-3.000000e+000	8.477026e+000
1.922428899654291e-001	-3.000000e+000	8.477030e+000
1.938053899654291e-001	-3.000000e+000	8.477033e+000
1.953678899654291e-001	-3.000000e+000	8.477036e+000
1.969303899654291e-001	-3.000000e+000	8.477037e+000
1.973690485417964e-001	-3.000000e+000	8.477037e+000
1.978077071181636e-001	-3.000000e+000	8.477037e+000
1.982463656945309e-001	-3.000000e+000	8.477037e+000
1.986850242708982e-001	-3.000000e+000	8.477038e+000
1.991236828472655e-001	-3.000000e+000	8.477039e+000
1.995623414236327e-001	-3.000000e+000	8.477040e+000
2.000010000000000e-001	-3.000000e+000	8.477041e+000
2.000020000000000e-001	3.000000e+000	8.477126e+000
2.003764857142965e-001	3.000000e+000	8.477043e+000
2.007509714285930e-001	3.000000e+000	8.476975e+000
2.011254571428895e-001	3.000000e+000	8.476923e+000
2.014999428571860e-001	3.000000e+000	8.476887e+000
2.018744285714824e-001	3.000000e+000	8.476865e+000
2.022489142857789e-001	3.000000e+000	8.476860e+000
2.026234000000754e-001	3.000000e+000	8.476870e+000
2.041859000000754e-001	3.000000e+000	8.475741e+000
2.049144876255484e-001	3.000000e+000	8.472109e+000
2.055709320741225e-001	3.000000e+000	8.463734e+000
2.060053042311614e-001	3.000000e+000	8.453284e+000
2.065375940058907e-001	3.000000e+000	8.429396e+000
2.069290031708139e-001	3.000000e+000	8.393733e+000
2.071582397750126e-001	3.000000e+000	8.353086e+000
2.073782007645132e-001	3.000000e+000	8.296542e+000
2.075047050338490e-001	3.000000e+000	8.259796e+000
2.076207842535296e-001	3.000000e+000	8.225125e+000
2.078054258162869e-001	3.000000e+000	8.169780e+000
2.098838390462455e-001	3.000000e+000	7.546270e+000
2.598838390462455e-001	3.000000e+000	-7.453538e+000
2.614463390462455e-001	3.000000e+000	-7.918811e+000
2.630088390462456e-001	3.000000e+000	-8.333565e+000
2.636379855172810e-001	3.000000e+000	-8.427969e+000
2.642333046972649e-001	3.000000e+000	-8.454551e+000
2.647493242985390e-001	3.000000e+000	-8.464478e+000
2.652966914628408e-001	3.000000e+000	-8.470190e+000
2.663565396169252e-001	3.000000e+000	-8.475203e+000
2.674087025869312e-001	3.000000e+000	-8.476614e+000
2.680768295457942e-001	3.000000e+000	-8.476665e+000
2.689154134031930e-001	3.000000e+000	-8.476663e+000
2.704779134031931e-001	3.000000e+000	-8.476663e+000
2.720404134031931e-001	3.000000e+000	-8.476663e+000
2.736029134031931e-001	3.000000e+000	-8.476663e+000
2.751654134031931e-001	3.000000e+000	-8.476663e+000
2.767279134031931e-001	3.000000e+000	-8.476664e+000
2.782904134031932e-001	3.000000e+000	-8.476664e+000
2.798529134031932e-001	3.000000e+000	-8.476664e+000
2.814154134031932e-001	3.000000e+000	-8.476664e+000
2.829779134031932e-001	3.000000e+000	-8.476664e+000
2.845404134031933e-001	3.000000e+000	-8.476664e+000
2.861029134031933e-001	3.000000e+000	-8.476664e+000
2.876654134031933e-001	3.000000e+000	-8.476664e+000
2.892279134031933e-001	3.000000e+000	-8.476664e+000
2.907904134031933e-001	3.000000e+000	-8.476664e+000
2.923529134031934e-001	3.000000e+000	-8.476664e+000
2.939154134031934e-001	3.000000e+000	-8.476664e+000
2.954779134031934e-001	3.000000e+000	-8.476664e+000
2.970404134031934e-001	3.000000e+000	-8.476664e+000
2.974634972027372e-001	3.000000e+000	-8.476663e+000
2.978865810022810e-001	3.000000e+000	-8.476662e+000
2.983096648018248e-001	3.000000e+000	-8.476662e+000
2.987327486013686e-001	3.000000e+000	-8.476662e+000
2.991558324009124e-001	3.000000e+000	-8.476662e+000
2.995789162004562e-001	3.000000e+000	-8.476662e+000
3.000020000000000e-001	3.000000e+000	-8.476663e+000
3.000030000000000e-001	-3.000000e+000	-8.476749e+000
3.003774857142185e-001	-3.000000e+000	-8.476693e+000
3.007519714284371e-001	-3.000000e+000	-8.476651e+000
3.011264571426556e-001	-3.000000e+000	-8.476624e+000
3.015009428568741e-001	-3.000000e+000	-8.476612e+000
3.018754285710926e-001	-3.000000e+000	-8.476614e+000
3.022499142853112e-001	-3.000000e+000	-8.476631e+000
3.026243999995297e-001	-3.000000e+000	-8.476664e+000
3.041868999995297e-001	-3.000000e+000	-8.475631e+000
3.049150267317649e-001	-3.000000e+000	-8.472061e+000
3.055642874992584e-001	-3.000000e+000	-8.463840e+000
3.059993597816884e-001	-3.000000e+000	-8.453458e+000
3.065302542368772e-001	-3.000000e+000	-8.429848e+000
3.069254629390664e-001	-3.000000e+000	-8.394217e+000
3.071553985488149e-001	-3.000000e+000	-8.353722e+000
3.073766330907674e-001	-3.000000e+000	-8.297009e+000
3.075025577066065e-001	-3.000000e+000	-8.260462e+000
3.076190655947797e-001	-3.000000e+000	-8.225667e+000
3.078033714561886e-001	-3.000000e+000	-8.170423e+000
3.098417785085711e-001	-3.000000e+000	-7.558909e+000
3.598417785085719e-001	-3.000000e+000	7.441012e+000
3.614042785085719e-001	-3.000000e+000	7.907269e+000
3.629667785085719e-001	-3.000000e+000	8.326939e+000
3.635935844328812e-001	-3.000000e+000	8.424534e+000
3.641922603363550e-001	-3.000000e+000	8.453666e+000
3.646667962506182e-001	-3.000000e+000	8.463415e+000
3.651896537529966e-001	-3.000000e+000	8.469314e+000
3.662149843898459e-001	-3.000000e+000	8.474855e+000
3.672788533812873e-001	-3.000000e+000	8.476680e+000
3.679325667860797e-001	-3.000000e+000	8.476810e+000
3.687825610302160e-001	-3.000000e+000	8.476828e+000
3.703450610302160e-001	-3.000000e+000	8.476858e+000
3.719075610302161e-001	-3.000000e+000	8.476887e+000
3.734700610302161e-001	-3.000000e+000	8.476910e+000
3.750325610302161e-001	-3.000000e+000	8.476931e+000
3.765950610302161e-001	-3.000000e+000	8.476948e+000
3.781575610302161e-001	-3.000000e+000	8.476963e+000
3.797200610302162e-001	-3.000000e+000	8.476976e+000
3.812825610302162e-001	-3.000000e+000	8.476987e+000
3.828450610302162e-001	-3.000000e+000	8.476995e+000
3.844075610302162e-001	-3.000000e+000	8.477004e+000
3.859700610302163e-001	-3.000000e+000	8.477011e+000
3.875325610302163e-001	-3.000000e+000	8.477016e+000
3.890950610302163e-001	-3.000000e+000	8.477022e+000
3.906575610302163e-001	-3.000000e+000	8.477026e+000
3.922200610302163e-001	-3.000000e+000	8.477030e+000
3.937825610302164e-001	-3.000000e+000	8.477032e+000
3.953450610302164e-001	-3.000000e+000	8.477035e+000
3.969075610302164e-001	-3.000000e+000	8.477037e+000
3.973494808830426e-001	-3.000000e+000	8.477037e+000
3.977914007358689e-001	-3.000000e+000	8.477037e+000
3.982333205886951e-001	-3.000000e+000	8.477037e+000
3.986752404415214e-001	-3.000000e+000	8.477038e+000
3.991171602943476e-001	-3.000000e+000	8.477039e+000
3.995590801471738e-001	-3.000000e+000	8.477040e+000
4.000010000000001e-001	-3.000000e+000	8.477041e+000
4.000020000000000e-001	3.000000e+000	8.477126e+000
4.004779938465715e-001	3.000000e+000	8.477045e+000
4.009539876931429e-001	3.000000e+000	8.476971e+000
4.014299815397144e-001	3.000000e+000	8.476904e+000
4.019059753862859e-001	3.000000e+000	8.476843e+000
4.023819692328573e-001	3.000000e+000	8.476788e+000
4.028579630794288e-001	3.000000e+000	8.476740e+000
4.033339569260002e-001	3.000000e+000	8.476699e+000
4.045213530648539e-001	3.000000e+000	8.474776e+000
4.051324778106417e-001	3.000000e+000	8.470001e+000
4.058108459866602e-001	3.000000e+000	8.458298e+000
4.062911221408853e-001	3.000000e+000	8.442152e+000
4.068107661619610e-001	3.000000e+000	8.407857e+000
4.070632081232433e-001	3.000000e+000	8.372792e+000
4.072868682246031e-001	3.000000e+000	8.321821e+000
4.074367471881919e-001	3.000000e+000	8.279890e+000
4.075872279511755e-001	3.000000e+000	8.235197e+000
4.077544288304875e-001	3.000000e+000	8.185123e+000
4.083808408124708e-001	3.000000e+000	7.997218e+000
4.157657505964027e-001	3.000000e+000	5.781752e+000
4.231506603803346e-001	3.000000e+000	3.566292e+000
4.305355701642664e-001	3.000000e+000	1.350840e+000
4.379204799481982e-001	3.000000e+000	-8.646048e-001
4.453053897321301e-001	3.000000e+000	-3.080043e+000
4.526902995160619e-001	3.000000e+000	-5.295474e+000
4.600752092999937e-001	3.000000e+000	-7.510898e+000
4.616377092999938e-001	3.000000e+000	-7.978981e+000
4.628176595936822e-001	3.000000e+000	-8.312423e+000
4.632708361776537e-001	3.000000e+000	-8.400229e+000
4.637311557714869e-001	3.000000e+000	-8.439530e+000
4.640340424299458e-001	3.000000e+000	-8.451113e+000
4.643571324143960e-001	3.000000e+000	-8.458272e+000
4.649947944885495e-001	3.000000e+000	-8.466983e+000
4.659010806722288e-001	3.000000e+000	-8.473612e+000
4.669025436422700e-001	3.000000e+000	-8.476320e+000
4.676275995304328e-001	3.000000e+000	-8.476680e+000
4.685272355520200e-001	3.000000e+000	-8.476671e+000
4.695042990394614e-001	3.000000e+000	-8.476663e+000
4.710667990394614e-001	3.000000e+000	-8.476663e+000
4.726292990394614e-001	3.000000e+000	-8.476663e+000
4.741917990394615e-001	3.000000e+000	-8.476663e+000
4.757542990394615e-001	3.000000e+000	-8.476663e+000
4.773167990394615e-001	3.000000e+000	-8.476663e+000
4.788792990394615e-001	3.000000e+000	-8.476663e+000
4.804417990394616e-001	3.000000e+000	-8.476663e+000
4.820042990394616e-001	3.000000e+000	-8.476663e+000
4.835667990394616e-001	3.000000e+000	-8.476663e+000
4.851292990394616e-001	3.000000e+000	-8.476663e+000
4.866917990394616e-001	3.000000e+000	-8.476663e+000
4.882542990394617e-001	3.000000e+000	-8.476663e+000
4.898167990394617e-001	3.000000e+000	-8.476663e+000
4.913792990394617e-001	3.000000e+000	-8.476663e+000
4.929417990394617e-001	3.000000e+000	-8.476663e+000
4.945042990394618e-001	3.000000e+000	-8.476663e+000
4.960667990394618e-001	3.000000e+000	-8.476663e+000
4.976292990394618e-001	3.000000e+000	-8.476664e+000
4.979682563195387e-001	3.000000e+000	-8.476664e+000
4.983072135996156e-001	3.000000e+000	-8.476664e+000
4.986461708796925e-001	3.000000e+000	-8.476664e+000
4.989851281597694e-001	3.000000e+000	-8.476664e+000
4.993240854398462e-001	3.000000e+000	-8.476663e+000
4.996630427199232e-001	3.000000e+000	-8.476663e+000
5.000020000000001e-001	3.000000e+000	-8.476663e+000
5.000030000000000e-001	-3.000000e+000	-8.476749e+000
5.003774857142964e-001	-3.000000e+000	-8.476693e+000
5.007519714285930e-001	-3.000000e+000	-8.476651e+000
5.011264571428894e-001	-3.000000e+000	-8.476624e+000
5.015009428571859e-001	-3.000000e+000	-8.476612e+000
5.018754285714824e-001	-3.000000e+000	-8.476614e+000
5.022499142857789e-001	-3.000000e+000	-8.476631e+000
5.026244000000754e-001	-3.000000e+000	-8.476664e+000
5.041869000000754e-001	-3.000000e+000	-8.475631e+000
5.049150317497443e-001	-3.000000e+000	-8.472061e+000
5.055642792790435e-001	-3.000000e+000	-8.463840e+000
5.059993556993280e-001	-3.000000e+000	-8.453458e+000
5.065302499119180e-001	-3.000000e+000	-8.429850e+000
5.069254340344760e-001	-3.000000e+000	-8.394222e+000
5.071554023386448e-001	-3.000000e+000	-8.353723e+000
5.073766796128535e-001	-3.000000e+000	-8.297000e+000
5.075025790790522e-001	-3.000000e+000	-8.260460e+000
5.076190673836094e-001	-3.000000e+000	-8.225670e+000
5.078033565756832e-001	-3.000000e+000	-8.170430e+000
5.098407991897815e-001	-3.000000e+000	-7.559207e+000
5.598407991897823e-001	-3.000000e+000	7.440714e+000
5.614032991897823e-001	-3.000000e+000	7.906992e+000
5.629657991897823e-001	-3.000000e+000	8.326775e+000
5.635925479469542e-001	-3.000000e+000	8.424448e+000
5.641912591728763e-001	-3.000000e+000	8.453641e+000
5.646651101199172e-001	-3.000000e+000	8.463391e+000
5.651872895276915e-001	-3.000000e+000	8.469293e+000
5.662118618345301e-001	-3.000000e+000	8.474845e+000
5.672758026488306e-001	-3.000000e+000	8.476679e+000
5.679291130450812e-001	-3.000000e+000	8.476810e+000
5.687795851485193e-001	-3.000000e+000	8.476828e+000
5.703420851485194e-001	-3.000000e+000	8.476858e+000
5.719045851485194e-001	-3.000000e+000	8.476887e+000
5.734670851485194e-001	-3.000000e+000	8.476910e+000
5.750295851485194e-001	-3.000000e+000	8.476931e+000
5.765920851485195e-001	-3.000000e+000	8.476948e+000
5.781545851485195e-001	-3.000000e+000	8.476963e+000
5.797170851485195e-001	-3.000000e+000	8.476976e+000
5.812795851485195e-001	-3.000000e+000	8.476987e+000
5.828420851485195e-001	-3.000000e+000	8.476995e+000
5.844045851485196e-001	-3.000000e+000	8.477004e+000
5.859670851485196e-001	-3.000000e+000	8.477011e+000
5.875295851485196e-001	-3.000000e+000	8.477016e+000
5.890920851485196e-001	-3.000000e+000	8.477021e+000
5.906545851485197e-001	-3.000000e+000	8.477026e+000
5.922170851485197e-001	-3.000000e+000	8.477029e+000
5.937795851485197e-001	-3.000000e+000	8.477032e+000
5.953420851485197e-001	-3.000000e+000	8.477035e+000
5.969045851485197e-001	-3.000000e+000	8.477037e+000
5.973469301273027e-001	-3.000000e+000	8.477037e+000
5.977892751060855e-001	-3.000000e+000	8.477037e+000
5.982316200848684e-001	-3.000000e+000	8.477037e+000
5.986739650636513e-001	-3.000000e+000	8.477038e+000
5.991163100424343e-001	-3.000000e+000	8.477039e+000
5.995586550212171e-001	-3.000000e+000	8.477040e+000
6.000010000000000e-001	-3.000000e+000	8.477041e+000
6.000020000000000e-001	3.000000e+000	8.477127e+000
6.004654594073985e-001	3.000000e+000	8.477052e+000
6.009289188147970e-001	3.000000e+000	8.476978e+000
6.013923782221955e-001	3.000000e+000	8.476904e+000
6.018558376295939e-001	3.000000e+000	8.476830e+000
6.023192970369924e-001	3.000000e+000	8.476756e+000
6.027827564443909e-001	3.000000e+000	8.476683e+000
6.032462158517894e-001	3.000000e+000	8.476610e+000
6.046034778800499e-001	3.000000e+000	8.474057e+000
6.052441145530983e-001	3.000000e+000	8.468423e+000
6.059342758437248e-001	3.000000e+000	8.454768e+000
6.064449699811382e-001	3.000000e+000	8.433051e+000
6.069674498426009e-001	3.000000e+000	8.386051e+000
6.071902849893310e-001	3.000000e+000	8.345594e+000
6.074039912481313e-001	3.000000e+000	8.288921e+000
6.075318327276045e-001	3.000000e+000	8.251465e+000
6.076580248728302e-001	3.000000e+000	8.213723e+000
6.079104091632817e-001	3.000000e+000	8.138045e+000
6.596539118980410e-001	3.000000e+000	-7.384808e+000
6.612164118980410e-001	3.000000e+000	-7.853154e+000
6.627789118980411e-001	3.000000e+000	-8.288776e+000
6.634405433896027e-001	3.000000e+000	-8.407608e+000
6.640891422174452e-001	3.000000e+000	-8.450823e+000
6.649415531846723e-001	3.000000e+000	-8.466858e+000
6.658226915143091e-001	3.000000e+000	-8.473185e+000
6.669067404158988e-001	3.000000e+000	-8.476251e+000
6.676788543132943e-001	3.000000e+000	-8.476687e+000
6.685894508976139e-001	3.000000e+000	-8.476674e+000
6.695669116384234e-001	3.000000e+000	-8.476664e+000
6.711294116384234e-001	3.000000e+000	-8.476664e+000
6.726919116384235e-001	3.000000e+000	-8.476664e+000
6.742544116384235e-001	3.000000e+000	-8.476664e+000
6.758169116384235e-001	3.000000e+000	-8.476663e+000
6.773794116384235e-001	3.000000e+000	-8.476663e+000
6.789419116384236e-001	3.000000e+000	-8.476663e+000
6.805044116384236e-001	3.000000e+000	-8.476663e+000
6.820669116384236e-001	3.000000e+000	-8.476663e+000
6.836294116384236e-001	3.000000e+000	-8.476663e+000
6.851919116384236e-001	3.000000e+000	-8.476663e+000
6.867544116384237e-001	3.000000e+000	-8.476663e+000
6.883169116384237e-001	3.000000e+000	-8.476663e+000
6.898794116384237e-001	3.000000e+000	-8.476663e+000
6.914419116384237e-001	3.000000e+000	-8.476663e+000
6.930044116384238e-001	3.000000e+000	-8.476663e+000
6.945669116384238e-001	3.000000e+000	-8.476663e+000
6.961294116384238e-001	3.000000e+000	-8.476663e+000
6.976919116384238e-001	3.000000e+000	-8.476664e+000
6.986414698305424e-001	3.000000e+000	-8.476663e+000
7.000020000000001e-001	3.000000e+000	-8.476663e+000
7.000030000000002e-001	-3.000000e+000	-8.476749e+000
7.003774857142966e-001	-3.000000e+000	-8.476693e+000
7.007519714285931e-001	-3.000000e+000	-8.476651e+000
7.011264571428896e-001	-3.000000e+000	-8.476624e+000
7.015009428571861e-001	-3.000000e+000	-8.476612e+000
7.018754285714826e-001	-3.000000e+000	-8.476614e+000
7.022499142857791e-001	-3.000000e+000	-8.476631e+000
7.026244000000755e-001	-3.000000e+000	-8.476664e+000
7.041869000000756e-001	-3.000000e+000	-8.475631e+000
7.049150286694124e-001	-3.000000e+000	-8.472061e+000
7.055642843629014e-001	-3.000000e+000	-8.463840e+000
7.059993582639794e-001	-3.000000e+000	-8.453458e+000
7.065302526668122e-001	-3.000000e+000	-8.429849e+000
7.069254656514588e-001	-3.000000e+000	-8.394217e+000
7.071554017573748e-001	-3.000000e+000	-8.353723e+000
7.073766370836947e-001	-3.000000e+000	-8.297010e+000
7.075025617490713e-001	-3.000000e+000	-8.260463e+000
7.076190702928107e-001	-3.000000e+000	-8.225667e+000
7.078033768143840e-001	-3.000000e+000	-8.170423e+000
7.098417630572085e-001	-3.000000e+000	-7.558916e+000
7.598417630572092e-001	-3.000000e+000	7.441006e+000
7.614042630572092e-001	-3.000000e+000	7.907263e+000
7.629667630572092e-001	-3.000000e+000	8.326936e+000
7.635935686163492e-001	-3.000000e+000	8.424532e+000
7.641922479723488e-001	-3.000000e+000	8.453665e+000
7.646667727222041e-001	-3.000000e+000	8.463414e+000
7.651896166634744e-001	-3.000000e+000	8.469314e+000
7.662149347576085e-001	-3.000000e+000	8.474855e+000
7.672788046776886e-001	-3.000000e+000	8.476680e+000
7.679325140267830e-001	-3.000000e+000	8.476810e+000
7.687825149461907e-001	-3.000000e+000	8.476828e+000
7.703450149461907e-001	-3.000000e+000	8.476858e+000
7.719075149461907e-001	-3.000000e+000	8.476887e+000
7.734700149461907e-001	-3.000000e+000	8.476910e+000
7.750325149461907e-001	-3.000000e+000	8.476931e+000
7.765950149461908e-001	-3.000000e+000	8.476948e+000
7.781575149461908e-001	-3.000000e+000	8.476963e+000
7.797200149461908e-001	-3.000000e+000	8.476976e+000
7.812825149461908e-001	-3.000000e+000	8.476987e+000
7.828450149461909e-001	-3.000000e+000	8.476995e+000
7.844075149461909e-001	-3.000000e+000	8.477004e+000
7.859700149461909e-001	-3.000000e+000	8.477011e+000
7.875325149461909e-001	-3.000000e+000	8.477016e+000
7.890950149461909e-001	-3.000000e+000	8.477022e+000
7.906575149461910e-001	-3.000000e+000	8.477026e+000
7.922200149461910e-001	-3.000000e+000	8.477030e+000
7.937825149461910e-001	-3.000000e+000	8.477032e+000
7.953450149461910e-001	-3.000000e+000	8.477035e+000
7.969075149461911e-001	-3.000000e+000	8.477037e+000
7.973494413824495e-001	-3.000000e+000	8.477037e+000
7.977913678187080e-001	-3.000000e+000	8.477037e+000
7.982332942549664e-001	-3.000000e+000	8.477037e+000
7.986752206912248e-001	-3.000000e+000	8.477038e+000
7.991171471274832e-001	-3.000000e+000	8.477039e+000
7.995590735637417e-001	-3.000000e+000	8.477040e+000
8.000010000000001e-001	-3.000000e+000	8.477041e+000
8.000020000000000e-001	3.000000e+000	8.477126e+000
8.003764857142964e-001	3.000000e+000	8.477043e+000
8.007509714285930e-001	3.000000e+000	8.476975e+000
8.011254571428894e-001	3.000000e+000	8.476923e+000
8.014999428571860e-001	3.000000e+000	8.476887e+000
8.018744285714824e-001	3.000000e+000	8.476865e+000
8.022489142857789e-001	3.000000e+000	8.476860e+000
8.026234000000754e-001	3.000000e+000	8.476870e+000
8.041859000000754e-001	3.000000e+000	8.475741e+000
8.049144802072513e-001	3.000000e+000	8.472109e+000
8.055709447456840e-001	3.000000e+000	8.463733e+000
8.060053104859701e-001	3.000000e+000	8.453283e+000
8.065376004962854e-001	3.000000e+000	8.429395e+000
8.069289642769906e-001	3.000000e+000	8.393736e+000
8.071582240111975e-001	3.000000e+000	8.353085e+000
8.073782145761599e-001	3.000000e+000	8.296532e+000
8.075046982140276e-001	3.000000e+000	8.259791e+000
8.076207575772183e-001	3.000000e+000	8.225127e+000
8.078053810487580e-001	3.000000e+000	8.169787e+000
8.098831237794448e-001	3.000000e+000	7.546478e+000
8.598831237794455e-001	3.000000e+000	-7.453329e+000
8.614456237794456e-001	3.000000e+000	-7.918621e+000
8.630081237794456e-001	3.000000e+000	-8.333459e+000
8.636372072869011e-001	3.000000e+000	-8.427914e+000
8.642324956717457e-001	3.000000e+000	-8.454535e+000
8.647477123144988e-001	3.000000e+000	-8.464457e+000
8.652946372377203e-001	3.000000e+000	-8.470174e+000
8.663538359513060e-001	3.000000e+000	-8.475196e+000
8.674061849986201e-001	3.000000e+000	-8.476613e+000
8.680738128475586e-001	3.000000e+000	-8.476665e+000
8.689123712386501e-001	3.000000e+000	-8.476663e+000
8.704748712386501e-001	3.000000e+000	-8.476663e+000
8.720373712386501e-001	3.000000e+000	-8.476663e+000
8.735998712386501e-001	3.000000e+000	-8.476663e+000
8.751623712386502e-001	3.000000e+000	-8.476663e+000
8.767248712386502e-001	3.000000e+000	-8.476664e+000
8.782873712386502e-001	3.000000e+000	-8.476664e+000
8.798498712386502e-001	3.000000e+000	-8.476664e+000
8.814123712386502e-001	3.000000e+000	-8.476664e+000
8.829748712386503e-001	3.000000e+000	-8.476664e+000
8.845373712386503e-001	3.000000e+000	-8.476664e+000
8.860998712386503e-001	3.000000e+000	-8.476664e+000
8.876623712386503e-001	3.000000e+000	-8.476664e+000
8.892248712386504e-001	3.000000e+000	-8.476664e+000
8.907873712386504e-001	3.000000e+000	-8.476664e+000
8.923498712386504e-001	3.000000e+000	-8.476664e+000
8.939123712386504e-001	3.000000e+000	-8.476664e+000
8.954748712386504e-001	3.000000e+000	-8.476664e+000
8.970373712386505e-001	3.000000e+000	-8.476664e+000
8.974608896331290e-001	3.000000e+000	-8.476663e+000
8.978844080276075e-001	3.000000e+000	-8.476662e+000
8.983079264220860e-001	3.000000e+000	-8.476662e+000
8.987314448165645e-001	3.000000e+000	-8.476662e+000
8.991549632110431e-001	3.000000e+000	-8.476662e+000
8.995784816055216e-001	3.000000e+000	-8.476662e+000
9.000020000000001e-001	3.000000e+000	-8.476663e+000
9.000030000000001e-001	-3.000000e+000	-8.476749e+000
9.003774857142965e-001	-3.000000e+000	-8.476693e+000
9.007519714285931e-001	-3.000000e+000	-8.476651e+000
9.011264571428895e-001	-3.000000e+000	-8.476624e+000
9.015009428571861e-001	-3.000000e+000	-8.476612e+000
9.018754285714825e-001	-3.000000e+000	-8.476614e+000
9.022499142857791e-001	-3.000000e+000	-8.476631e+000
9.026244000000755e-001	-3.000000e+000	-8.476664e+000
9.041869000000755e-001	-3.000000e+000	-8.475631e+000
9.049150269348245e-001	-3.000000e+000	-8.472061e+000
9.055642871717449e-001	-3.000000e+000	-8.463840e+000
9.059993596232278e-001	-3.000000e+000	-8.453458e+000
9.065302540727033e-001	-3.000000e+000	-8.429848e+000
9.069254631675650e-001	-3.000000e+000	-8.394217e+000
9.071553988777289e-001	-3.000000e+000	-8.353722e+000
9.073766335645669e-001	-3.000000e+000	-8.297009e+000
9.075025581465223e-001	-3.000000e+000	-8.260462e+000
9.076190660703414e-001	-3.000000e+000	-8.225667e+000
9.078033719723022e-001	-3.000000e+000	-8.170423e+000
9.098417754448093e-001	-3.000000e+000	-7.558911e+000
9.598417754448100e-001	-3.000000e+000	7.441011e+000
9.614042754448100e-001	-3.000000e+000	7.907269e+000
9.629667754448100e-001	-3.000000e+000	8.326939e+000
9.635935812437001e-001	-3.000000e+000	8.424534e+000
9.641922575475510e-001	-3.000000e+000	8.453665e+000
9.646667912803815e-001	-3.000000e+000	8.463414e+000
9.651896463723054e-001	-3.000000e+000	8.469314e+000
9.662149745773190e-001	-3.000000e+000	8.474855e+000
9.672788437766225e-001	-3.000000e+000	8.476680e+000
9.679325561490209e-001	-3.000000e+000	8.476810e+000
9.687825517933583e-001	-3.000000e+000	8.476828e+000
9.703450517933583e-001	-3.000000e+000	8.476858e+000
9.719075517933583e-001	-3.000000e+000	8.476887e+000
9.734700517933583e-001	-3.000000e+000	8.476910e+000
9.750325517933584e-001	-3.000000e+000	8.476931e+000
9.765950517933584e-001	-3.000000e+000	8.476948e+000
9.781575517933584e-001	-3.000000e+000	8.476963e+000
9.797200517933584e-001	-3.000000e+000	8.476976e+000
9.812825517933584e-001	-3.000000e+000	8.476987e+000
9.828450517933585e-001	-3.000000e+000	8.476995e+000
9.844075517933585e-001	-3.000000e+000	8.477004e+000
9.859700517933585e-001	-3.000000e+000	8.477011e+000
9.875325517933585e-001	-3.000000e+000	8.477016e+000
9.890950517933586e-001	-3.000000e+000	8.477022e+000
9.906575517933586e-001	-3.000000e+000	8.477026e+000
9.922200517933586e-001	-3.000000e+000	8.477030e+000
9.937825517933586e-001	-3.000000e+000	8.477032e+000
9.953450517933586e-001	-3.000000e+000	8.477035e+000
9.969075517933587e-001	-3.000000e+000	8.477037e+000
9.973494729657361e-001	-3.000000e+000	8.477037e+000
9.977913941381134e-001	-3.000000e+000	8.477037e+000
9.982333153104908e-001	-3.000000e+000	8.477037e+000
9.986752364828681e-001	-3.000000e+000	8.477038e+000
9.991171576552455e-001	-3.000000e+000	8.477039e+000
9.995590788276227e-001	-3.000000e+000	8.477040e+000
1.000001000000000e+000	-3.000000e+000	8.477041e+000
1.000002000000000e+000	3.000000e+000	8.477126e+000
1.000448460414327e+000	3.000000e+000	8.477058e+000
1.000894920828654e+000	3.000000e+000	8.476983e+000
1.001341381242981e+000	3.000000e+000	8.476902e+000
1.001787841657309e+000	3.000000e+000	8.476813e+000
1.002234302071636e+000	3.000000e+000	8.476718e+000
1.002680762485963e+000	3.000000e+000	8.476616e+000
1.003127222900290e+000	3.000000e+000	8.476507e+000
1.004689722900290e+000	3.000000e+000	8.473134e+000
1.005367125955791e+000	3.000000e+000	8.466396e+000
1.006076322346380e+000	3.000000e+000	8.450081e+000
1.006592032504521e+000	3.000000e+000	8.424876e+000
1.006995672950642e+000	3.000000e+000	8.383163e+000
1.007200170672649e+000	3.000000e+000	8.343518e+000
1.007402377884635e+000	3.000000e+000	8.289190e+000
1.007532104544669e+000	3.000000e+000	8.251120e+000
1.007659849004417e+000	3.000000e+000	8.212913e+000
1.007915337923912e+000	3.000000e+000	8.136303e+000
1.059507966078392e+000	3.000000e+000	-7.341289e+000
1.061070466078392e+000	3.000000e+000	-7.809951e+000
1.062632966078392e+000	3.000000e+000	-8.255978e+000
1.063314814114026e+000	3.000000e+000	-8.395545e+000
1.063844932550035e+000	3.000000e+000	-8.443644e+000
1.064546942715899e+000	3.000000e+000	-8.461549e+000
1.065270500478366e+000	3.000000e+000	-8.469600e+000
1.066261516104153e+000	3.000000e+000	-8.474970e+000
1.067291454047136e+000	3.000000e+000	-8.476581e+000
1.067896592864247e+000	3.000000e+000	-8.476665e+000
1.068751546137006e+000	3.000000e+000	-8.476664e+000
1.070314046137006e+000	3.000000e+000	-8.476663e+000
1.071876546137006e+000	3.000000e+000	-8.476663e+000
1.073439046137006e+000	3.000000e+000	-8.476663e+000
1.075001546137006e+000	3.000000e+000	-8.476663e+000
1.076564046137006e+000	3.000000e+000	-8.476663e+000
1.078126546137006e+000	3.000000e+000	-8.476663e+000
1.079689046137006e+000	3.000000e+000	-8.476663e+000
1.081251546137006e+000	3.000000e+000	-8.476663e+000
1.082814046137006e+000	3.000000e+000	-8.476663e+000
1.084376546137005e+000	3.000000e+000	-8.476663e+000
1.085939046137005e+000	3.000000e+000	-8.476663e+000
1.087501546137005e+000	3.000000e+000	-8.476663e+000
1.089064046137005e+000	3.000000e+000	-8.476663e+000
1.090626546137005e+000	3.000000e+000	-8.476663e+000
1.092189046137005e+000	3.000000e+000	-8.476663e+000
1.093751546137005e+000	3.000000e+000	-8.476663e+000
1.095314046137005e+000	3.000000e+000	-8.476663e+000
1.096876546137005e+000	3.000000e+000	-8.476663e+000
1.097323039546004e+000	3.000000e+000	-8.476663e+000
1.097769532955003e+000	3.000000e+000	-8.476663e+000
1.098216026364003e+000	3.000000e+000	-8.476663e+000
1.098662519773002e+000	3.000000e+000	-8.476663e+000
1.099109013182001e+000	3.000000e+000	-8.476663e+000
1.099555506591001e+000	3.000000e+000	-8.476663e+000
1.100002000000000e+000	3.000000e+000	-8.476663e+000
1.100003000000000e+000	-3.000000e+000	-8.476749e+000
1.100377485714193e+000	-3.000000e+000	-8.476693e+000
1.100751971428385e+000	-3.000000e+000	-8.476651e+000
1.101126457142578e+000	-3.000000e+000	-8.476624e+000
1.101500942856770e+000	-3.000000e+000	-8.476612e+000
1.101875428570963e+000	-3.000000e+000	-8.476614e+000
1.102249914285155e+000	-3.000000e+000	-8.476631e+000
1.102624399999348e+000	-3.000000e+000	-8.476664e+000
1.104186899999348e+000	-3.000000e+000	-8.475631e+000
1.104915042462496e+000	-3.000000e+000	-8.472061e+000
1.105564261978960e+000	-3.000000e+000	-8.463841e+000
1.105999347374896e+000	-3.000000e+000	-8.453460e+000
1.106530241347373e+000	-3.000000e+000	-8.429852e+000
1.106925465668276e+000	-3.000000e+000	-8.394222e+000
1.107155422175125e+000	-3.000000e+000	-8.353725e+000
1.107376684944203e+000	-3.000000e+000	-8.297007e+000
1.107502596394153e+000	-3.000000e+000	-8.260464e+000
1.107619098179631e+000	-3.000000e+000	-8.225670e+000
1.107803399538065e+000	-3.000000e+000	-8.170426e+000
1.109841148822220e+000	-3.000000e+000	-7.559111e+000
1.159841148822217e+000	-3.000000e+000	7.440810e+000
1.161403648822217e+000	-3.000000e+000	7.907082e+000
1.162966148822217e+000	-3.000000e+000	8.326828e+000
1.163592921581868e+000	-3.000000e+000	8.424476e+000
1.164191639626370e+000	-3.000000e+000	8.453650e+000
1.164665732582006e+000	-3.000000e+000	8.463399e+000
1.165188134766903e+000	-3.000000e+000	8.469299e+000
1.166212974029700e+000	-3.000000e+000	8.474849e+000
1.167276887862042e+000	-3.000000e+000	8.476679e+000
1.167930357392669e+000	-3.000000e+000	8.476810e+000
1.168780652459606e+000	-3.000000e+000	8.476828e+000
1.170343152459606e+000	-3.000000e+000	8.476858e+000
1.171905652459606e+000	-3.000000e+000	8.476887e+000
1.173468152459606e+000	-3.000000e+000	8.476910e+000
1.175030652459606e+000	-3.000000e+000	8.476931e+000
1.176593152459606e+000	-3.000000e+000	8.476948e+000
1.178155652459606e+000	-3.000000e+000	8.476963e+000
1.179718152459605e+000	-3.000000e+000	8.476976e+000
1.181280652459605e+000	-3.000000e+000	8.476987e+000
1.182843152459605e+000	-3.000000e+000	8.476995e+000
1.184405652459605e+000	-3.000000e+000	8.477004e+000
1.185968152459605e+000	-3.000000e+000	8.477011e+000
1.187530652459605e+000	-3.000000e+000	8.477016e+000
1.189093152459605e+000	-3.000000e+000	8.477021e+000
1.190655652459605e+000	-3.000000e+000	8.477026e+000
1.192218152459605e+000	-3.000000e+000	8.477029e+000
1.193780652459605e+000	-3.000000e+000	8.477032e+000
1.195343152459605e+000	-3.000000e+000	8.477035e+000
1.196905652459605e+000	-3.000000e+000	8.477037e+000
1.197347844965375e+000	-3.000000e+000	8.477037e+000
1.197790037471146e+000	-3.000000e+000	8.477037e+000
1.198232229976917e+000	-3.000000e+000	8.477037e+000
1.198674422482688e+000	-3.000000e+000	8.477038e+000
1.199116614988459e+000	-3.000000e+000	8.477039e+000
1.199558807494229e+000	-3.000000e+000	8.477040e+000
1.200001000000000e+000	-3.000000e+000	8.477041e+000
1.200002000000000e+000	3.000000e+000	8.477126e+000
1.200376485714297e+000	3.000000e+000	8.477043e+000
1.200750971428593e+000	3.000000e+000	8.476975e+000
1.201125457142890e+000	3.000000e+000	8.476923e+000
1.201499942857186e+000	3.000000e+000	8.476887e+000
1.201874428571483e+000	3.000000e+000	8.476865e+000
1.202248914285779e+000	3.000000e+000	8.476860e+000
1.202623400000076e+000	3.000000e+000	8.476870e+000
1.204185900000075e+000	3.000000e+000	8.475741e+000
1.204914480055752e+000	3.000000e+000	8.472109e+000
1.205570945013990e+000	3.000000e+000	8.463733e+000
1.206005310628256e+000	3.000000e+000	8.453283e+000
1.206537600653719e+000	3.000000e+000	8.429395e+000
1.206928966895663e+000	3.000000e+000	8.393735e+000
1.207158224129044e+000	3.000000e+000	8.353085e+000
1.207378211431542e+000	3.000000e+000	8.296533e+000
1.207504697152004e+000	3.000000e+000	8.259792e+000
1.207620758170209e+000	3.000000e+000	8.225127e+000
1.207805383135480e+000	3.000000e+000	8.169786e+000
1.209883202921917e+000	3.000000e+000	7.546454e+000
1.259883202921914e+000	3.000000e+000	-7.453353e+000
1.261445702921914e+000	3.000000e+000	-7.918643e+000
1.263008202921914e+000	3.000000e+000	-8.333471e+000
1.263637293175615e+000	3.000000e+000	-8.427920e+000
1.264232583482488e+000	3.000000e+000	-8.454536e+000
1.264747891475401e+000	3.000000e+000	-8.464459e+000
1.265294866273902e+000	3.000000e+000	-8.470176e+000
1.266354138405593e+000	3.000000e+000	-8.475196e+000
1.267406466488952e+000	3.000000e+000	-8.476613e+000
1.268074148357384e+000	3.000000e+000	-8.476665e+000
1.268912710280161e+000	3.000000e+000	-8.476663e+000
1.270475210280161e+000	3.000000e+000	-8.476663e+000
1.272037710280161e+000	3.000000e+000	-8.476663e+000
1.273600210280161e+000	3.000000e+000	-8.476663e+000
1.275162710280161e+000	3.000000e+000	-8.476663e+000
1.276725210280161e+000	3.000000e+000	-8.476664e+000
1.278287710280160e+000	3.000000e+000	-8.476664e+000
1.279850210280160e+000	3.000000e+000	-8.476664e+000
1.281412710280160e+000	3.000000e+000	-8.476664e+000
1.282975210280160e+000	3.000000e+000	-8.476664e+000
1.284537710280160e+000	3.000000e+000	-8.476664e+000
1.286100210280160e+000	3.000000e+000	-8.476664e+000
1.287662710280160e+000	3.000000e+000	-8.476664e+000
1.289225210280160e+000	3.000000e+000	-8.476664e+000
1.290787710280160e+000	3.000000e+000	-8.476664e+000
1.292350210280160e+000	3.000000e+000	-8.476664e+000
1.293912710280160e+000	3.000000e+000	-8.476664e+000
1.295475210280159e+000	3.000000e+000	-8.476664e+000
1.297037710280159e+000	3.000000e+000	-8.476664e+000
1.297461180240137e+000	3.000000e+000	-8.476663e+000
1.297884650200114e+000	3.000000e+000	-8.476662e+000
1.298308120160091e+000	3.000000e+000	-8.476662e+000
1.298731590120068e+000	3.000000e+000	-8.476662e+000
1.299155060080046e+000	3.000000e+000	-8.476662e+000
1.299578530040023e+000	3.000000e+000	-8.476662e+000
1.300002000000000e+000	3.000000e+000	-8.476663e+000
1.300003000000000e+000	-3.000000e+000	-8.476749e+000
1.300377485714297e+000	-3.000000e+000	-8.476693e+000
1.300751971428593e+000	-3.000000e+000	-8.476651e+000
1.301126457142890e+000	-3.000000e+000	-8.476624e+000
1.301500942857186e+000	-3.000000e+000	-8.476612e+000
1.301875428571483e+000	-3.000000e+000	-8.476614e+000
1.302249914285779e+000	-3.000000e+000	-8.476631e+000
1.302624400000076e+000	-3.000000e+000	-8.476664e+000
1.304186900000075e+000	-3.000000e+000	-8.475631e+000
1.304915026924678e+000	-3.000000e+000	-8.472061e+000
1.305564287188217e+000	-3.000000e+000	-8.463840e+000
1.305999359631348e+000	-3.000000e+000	-8.453458e+000
1.306530254081223e+000	-3.000000e+000	-8.429848e+000
1.306925463157037e+000	-3.000000e+000	-8.394217e+000
1.307155398861308e+000	-3.000000e+000	-8.353722e+000
1.307376633539836e+000	-3.000000e+000	-8.297009e+000
1.307502558124189e+000	-3.000000e+000	-8.260462e+000
1.307619066046832e+000	-3.000000e+000	-8.225667e+000
1.307803371947314e+000	-3.000000e+000	-8.170423e+000
1.309841775622591e+000	-3.000000e+000	-7.558911e+000
1.359841775622588e+000	-3.000000e+000	7.441011e+000
1.361404275622588e+000	-3.000000e+000	7.907269e+000
1.362966775622588e+000	-3.000000e+000	8.326939e+000
1.363593581429277e+000	-3.000000e+000	8.424534e+000
1.364192257712566e+000	-3.000000e+000	8.453665e+000
1.364666791571959e+000	-3.000000e+000	8.463414e+000
1.365189646801333e+000	-3.000000e+000	8.469314e+000
1.366214975146302e+000	-3.000000e+000	8.474855e+000
1.367278844334287e+000	-3.000000e+000	8.476680e+000
1.367932556768958e+000	-3.000000e+000	8.476810e+000
1.368782552331293e+000	-3.000000e+000	8.476828e+000
1.370345052331293e+000	-3.000000e+000	8.476858e+000
1.371907552331293e+000	-3.000000e+000	8.476887e+000
1.373470052331293e+000	-3.000000e+000	8.476910e+000
1.375032552331293e+000	-3.000000e+000	8.476931e+000
1.376595052331292e+000	-3.000000e+000	8.476948e+000
1.378157552331292e+000	-3.000000e+000	8.476963e+000
1.379720052331292e+000	-3.000000e+000	8.476976e+000
1.381282552331292e+000	-3.000000e+000	8.476987e+000
1.382845052331292e+000	-3.000000e+000	8.476995e+000
1.384407552331292e+000	-3.000000e+000	8.477004e+000
1.385970052331292e+000	-3.000000e+000	8.477011e+000
1.387532552331292e+000	-3.000000e+000	8.477016e+000
1.389095052331292e+000	-3.000000e+000	8.477022e+000
1.390657552331292e+000	-3.000000e+000	8.477026e+000
1.392220052331292e+000	-3.000000e+000	8.477030e+000
1.393782552331291e+000	-3.000000e+000	8.477032e+000
1.395345052331291e+000	-3.000000e+000	8.477035e+000
1.396907552331291e+000	-3.000000e+000	8.477037e+000
1.397349473426821e+000	-3.000000e+000	8.477037e+000
1.397791394522351e+000	-3.000000e+000	8.477037e+000
1.398233315617881e+000	-3.000000e+000	8.477037e+000
1.398675236713411e+000	-3.000000e+000	8.477038e+000
1.399117157808941e+000	-3.000000e+000	8.477039e+000
1.399559078904471e+000	-3.000000e+000	8.477040e+000
1.400001000000000e+000	-3.000000e+000	8.477041e+000
1.400002000000000e+000	3.000000e+000	8.477126e+000
1.400396191665435e+000	3.000000e+000	8.477042e+000
1.400790383330869e+000	3.000000e+000	8.476973e+000
1.401184574996303e+000	3.000000e+000	8.476919e+000
1.401578766661738e+000	3.000000e+000	8.476881e+000
1.401972958327172e+000	3.000000e+000	8.476858e+000
1.402367149992607e+000	3.000000e+000	8.476851e+000
1.402761341658041e+000	3.000000e+000	8.476859e+000
1.404323841658041e+000	3.000000e+000	8.475381e+000
1.405011841561164e+000	3.000000e+000	8.470816e+000
1.405837789000787e+000	3.000000e+000	8.457468e+000
1.406289605816174e+000	3.000000e+000	8.442553e+000
1.406793824425983e+000	3.000000e+000	8.409318e+000
1.407062674260786e+000	3.000000e+000	8.372719e+000
1.407274125070805e+000	3.000000e+000	8.325280e+000
1.407417851257732e+000	3.000000e+000	8.285244e+000
1.407564121284319e+000	3.000000e+000	8.241891e+000
1.407702163387809e+000	3.000000e+000	8.200576e+000
1.407917986297118e+000	3.000000e+000	8.135852e+000
1.435492230283691e+000	3.000000e+000	-1.363574e-001
1.460492230283690e+000	3.000000e+000	-7.636218e+000
1.462054730283690e+000	3.000000e+000	-8.104308e+000
1.462801273627956e+000	3.000000e+000	-8.314491e+000
1.463197478760875e+000	3.000000e+000	-8.394130e+000
1.463591069161352e+000	3.000000e+000	-8.433338e+000
1.463846441224741e+000	3.000000e+000	-8.445515e+000
1.464639608734174e+000	3.000000e+000	-8.462586e+000
1.465422641240042e+000	3.000000e+000	-8.470887e+000
1.466319090931517e+000	3.000000e+000	-8.475241e+000
1.467442627748320e+000	3.000000e+000	-8.476605e+000
1.468064038218416e+000	3.000000e+000	-8.476665e+000
1.468924227346574e+000	3.000000e+000	-8.476663e+000
1.470486727346573e+000	3.000000e+000	-8.476663e+000
1.472049227346573e+000	3.000000e+000	-8.476663e+000
1.473611727346573e+000	3.000000e+000	-8.476663e+000
1.475174227346573e+000	3.000000e+000	-8.476663e+000
1.476736727346573e+000	3.000000e+000	-8.476663e+000
1.478299227346573e+000	3.000000e+000	-8.476663e+000
1.479861727346573e+000	3.000000e+000	-8.476663e+000
1.481424227346573e+000	3.000000e+000	-8.476663e+000
1.482986727346573e+000	3.000000e+000	-8.476663e+000
1.484549227346573e+000	3.000000e+000	-8.476663e+000
1.486111727346573e+000	3.000000e+000	-8.476663e+000
1.487674227346572e+000	3.000000e+000	-8.476663e+000
1.489236727346572e+000	3.000000e+000	-8.476663e+000
1.490799227346572e+000	3.000000e+000	-8.476663e+000
1.492361727346572e+000	3.000000e+000	-8.476663e+000
1.493924227346572e+000	3.000000e+000	-8.476663e+000
1.495486727346572e+000	3.000000e+000	-8.476663e+000
1.497049227346572e+000	3.000000e+000	-8.476663e+000
1.497471052011347e+000	3.000000e+000	-8.476663e+000
1.497892876676123e+000	3.000000e+000	-8.476663e+000
1.498314701340898e+000	3.000000e+000	-8.476663e+000
1.498736526005674e+000	3.000000e+000	-8.476663e+000
1.499158350670449e+000	3.000000e+000	-8.476663e+000
1.499580175335225e+000	3.000000e+000	-8.476663e+000
1.500002000000000e+000	3.000000e+000	-8.476663e+000
1.500003000000000e+000	-3.000000e+000	-8.476749e+000
1.500377485714297e+000	-3.000000e+000	-8.476693e+000
1.500751971428593e+000	-3.000000e+000	-8.476651e+000
1.501126457142890e+000	-3.000000e+000	-8.476624e+000
1.501500942857186e+000	-3.000000e+000	-8.476612e+000
1.501875428571483e+000	-3.000000e+000	-8.476614e+000
1.502249914285779e+000	-3.000000e+000	-8.476631e+000
1.502624400000076e+000	-3.000000e+000	-8.476664e+000
1.504186900000075e+000	-3.000000e+000	-8.475631e+000
1.504915044601601e+000	-3.000000e+000	-8.472061e+000
1.505564258500834e+000	-3.000000e+000	-8.463841e+000
1.505999345672982e+000	-3.000000e+000	-8.453460e+000
1.506530239567972e+000	-3.000000e+000	-8.429852e+000
1.506925461911208e+000	-3.000000e+000	-8.394223e+000
1.507155424868399e+000	-3.000000e+000	-8.353726e+000
1.507376696151907e+000	-3.000000e+000	-8.297006e+000
1.507502602908412e+000	-3.000000e+000	-8.260463e+000
1.507619101418638e+000	-3.000000e+000	-8.225670e+000
1.507803400054006e+000	-3.000000e+000	-8.170428e+000
1.509840955335555e+000	-3.000000e+000	-7.559171e+000
1.559840955335552e+000	-3.000000e+000	7.440751e+000
1.561403455335552e+000	-3.000000e+000	7.907026e+000
1.562965955335552e+000	-3.000000e+000	8.326795e+000
1.563592717168530e+000	-3.000000e+000	8.424459e+000
1.564191444060643e+000	-3.000000e+000	8.453645e+000
1.564665401626976e+000	-3.000000e+000	8.463394e+000
1.565187668162072e+000	-3.000000e+000	8.469296e+000
1.566212357092163e+000	-3.000000e+000	8.474846e+000
1.567276284998687e+000	-3.000000e+000	8.476679e+000
1.567929676541757e+000	-3.000000e+000	8.476810e+000
1.568780066103882e+000	-3.000000e+000	8.476828e+000
1.570342566103882e+000	-3.000000e+000	8.476858e+000
1.571905066103882e+000	-3.000000e+000	8.476887e+000
1.573467566103882e+000	-3.000000e+000	8.476910e+000
1.575030066103881e+000	-3.000000e+000	8.476931e+000
1.576592566103881e+000	-3.000000e+000	8.476948e+000
1.578155066103881e+000	-3.000000e+000	8.476963e+000
1.579717566103881e+000	-3.000000e+000	8.476976e+000
1.581280066103881e+000	-3.000000e+000	8.476987e+000
1.582842566103881e+000	-3.000000e+000	8.476995e+000
1.584405066103881e+000	-3.000000e+000	8.477004e+000
1.585967566103881e+000	-3.000000e+000	8.477011e+000
1.587530066103881e+000	-3.000000e+000	8.477016e+000
1.589092566103881e+000	-3.000000e+000	8.477021e+000
1.590655066103881e+000	-3.000000e+000	8.477026e+000
1.592217566103880e+000	-3.000000e+000	8.477029e+000
1.593780066103880e+000	-3.000000e+000	8.477032e+000
1.595342566103880e+000	-3.000000e+000	8.477035e+000
1.596905066103880e+000	-3.000000e+000	8.477037e+000
1.597346770946183e+000	-3.000000e+000	8.477037e+000
1.597788475788486e+000	-3.000000e+000	8.477037e+000
1.598230180630789e+000	-3.000000e+000	8.477037e+000
1.598671885473092e+000	-3.000000e+000	8.477038e+000
1.599113590315395e+000	-3.000000e+000	8.477039e+000
1.599555295157698e+000	-3.000000e+000	8.477040e+000
1.599997000000000e+000	-3.000000e+000	8.477041e+000
1.599999000000000e+000	-3.000000e+000	8.477041e+000
1.600000000000000e+000	-3.000000e+000	8.477041e+000
