time	V(vf1)	V(vf2)	V(vf3)	V(vg)
0.000000000000000e+000	1.097065e-005	3.299172e-005	3.299172e-005	0.000000e+000
1.000000000000000e-006	1.097065e-005	3.299172e-005	3.299172e-005	0.000000e+000
1.000241376014892e-006	9.633560e-006	3.171746e-005	1.183437e-003	2.413760e-002
1.000482752029784e-006	1.333074e-005	3.523882e-005	2.330592e-003	4.827520e-002
1.000724128044676e-006	2.206218e-005	4.355582e-005	3.474456e-003	7.241280e-002
1.000965504059567e-006	3.582788e-005	5.666846e-005	4.615031e-003	9.655041e-002
1.001206880074459e-006	5.462785e-005	7.457673e-005	5.752315e-003	1.206880e-001
1.001448256089351e-006	7.846209e-005	9.728064e-005	6.886309e-003	1.448256e-001
1.001689632104243e-006	1.073306e-004	1.247802e-004	8.017013e-003	1.689632e-001
1.002566302892217e-006	2.947435e-004	3.033331e-004	1.206936e-002	2.566303e-001
1.003406279416280e-006	6.205165e-004	6.137661e-004	1.585525e-002	3.406279e-001
1.004291128600045e-006	1.181594e-003	1.148562e-003	1.969709e-002	4.291129e-001
1.005364002132227e-006	2.233878e-003	2.151876e-003	2.409935e-002	5.364002e-001
1.006778419312957e-006	4.252565e-003	4.077103e-003	2.945294e-002	6.778419e-001
1.008151568469439e-006	7.012273e-003	6.709178e-003	3.404044e-002	8.151568e-001
1.010000000000000e-006	1.162392e-002	1.110729e-002	3.950015e-002	1.000000e+000
1.010554529459168e-006	1.339682e-002	1.279768e-002	3.815783e-002	1.000000e+000
1.011293902071392e-006	1.598008e-002	1.526042e-002	3.616393e-002	1.000000e+000
1.012772647295841e-006	2.189319e-002	2.089673e-002	3.148255e-002	1.000000e+000
1.015730137744738e-006	3.640560e-002	3.472709e-002	1.963433e-002	1.000000e+000
1.021645118642531e-006	7.284504e-002	6.944872e-002	-1.087181e-002	1.000000e+000
1.028859778248741e-006	1.280204e-001	1.220416e-001	-5.778131e-002	1.000000e+000
1.038625403248741e-006	2.167476e-001	2.068640e-001	-1.337600e-001	1.000000e+000
1.048391028248741e-006	3.158829e-001	3.026844e-001	-2.190862e-001	1.000000e+000
1.058156653248741e-006	4.207191e-001	4.067755e-001	-3.104747e-001	1.000000e+000
1.067922278248741e-006	5.257252e-001	5.163716e-001	-4.046983e-001	1.000000e+000
1.077687903248741e-006	6.260703e-001	6.295173e-001	-4.994629e-001	1.000000e+000
1.087453528248741e-006	7.179055e-001	7.447076e-001	-5.931354e-001	1.000000e+000
1.097219153248741e-006	7.985567e-001	8.606885e-001	-6.845578e-001	1.000000e+000
1.106984778248741e-006	8.665604e-001	9.763794e-001	-7.729194e-001	1.000000e+000
1.116750403248741e-006	9.215539e-001	1.090844e+000	-8.576680e-001	1.000000e+000
1.126516028248741e-006	9.640636e-001	1.203278e+000	-9.384449e-001	1.000000e+000
1.136281653248741e-006	9.952495e-001	1.312996e+000	-1.015039e+000	1.000000e+000
1.146047278248741e-006	1.016653e+000	1.419429e+000	-1.087351e+000	1.000000e+000
1.155812903248741e-006	1.029982e+000	1.522116e+000	-1.155368e+000	1.000000e+000
1.165578528248741e-006	1.036941e+000	1.620699e+000	-1.219141e+000	1.000000e+000
1.175344153248741e-006	1.039120e+000	1.714911e+000	-1.278769e+000	1.000000e+000
1.185109778248741e-006	1.037918e+000	1.804573e+000	-1.334390e+000	1.000000e+000
1.194875403248741e-006	1.034514e+000	1.889580e+000	-1.386163e+000	1.000000e+000
1.204641028248741e-006	1.029853e+000	1.969895e+000	-1.434266e+000	1.000000e+000
1.214406653248741e-006	1.024661e+000	2.045539e+000	-1.478889e+000	1.000000e+000
1.224172278248741e-006	1.019464e+000	2.116580e+000	-1.520225e+000	1.000000e+000
1.233937903248741e-006	1.014620e+000	2.183126e+000	-1.558470e+000	1.000000e+000
1.243703528248741e-006	1.010345e+000	2.245316e+000	-1.593816e+000	1.000000e+000
1.253469153248741e-006	1.006747e+000	2.303314e+000	-1.626453e+000	1.000000e+000
1.263234778248741e-006	1.003852e+000	2.357300e+000	-1.656564e+000	1.000000e+000
1.273000403248741e-006	1.001630e+000	2.407467e+000	-1.684325e+000	1.000000e+000
1.282766028248741e-006	1.000016e+000	2.454016e+000	-1.709903e+000	1.000000e+000
1.292531653248741e-006	9.989219e-001	2.497150e+000	-1.733457e+000	1.000000e+000
1.302297278248741e-006	9.982548e-001	2.537072e+000	-1.755137e+000	1.000000e+000
1.312062903248741e-006	9.979218e-001	2.573983e+000	-1.775084e+000	1.000000e+000
1.321828528248741e-006	9.978373e-001	2.608079e+000	-1.793430e+000	1.000000e+000
1.331594153248741e-006	9.979266e-001	2.639548e+000	-1.810299e+000	1.000000e+000
1.341359778248741e-006	9.981272e-001	2.668572e+000	-1.825805e+000	1.000000e+000
1.351125403248741e-006	9.983895e-001	2.695325e+000	-1.840055e+000	1.000000e+000
1.360891028248741e-006	9.986755e-001	2.719970e+000	-1.853148e+000	1.000000e+000
1.370656653248741e-006	9.989578e-001	2.742663e+000	-1.865177e+000	1.000000e+000
1.380422278248742e-006	9.992185e-001	2.763550e+000	-1.876226e+000	1.000000e+000
1.390187903248742e-006	9.994467e-001	2.782767e+000	-1.886374e+000	1.000000e+000
1.399953528248742e-006	9.996374e-001	2.800443e+000	-1.895693e+000	1.000000e+000
1.409719153248742e-006	9.997896e-001	2.816697e+000	-1.904250e+000	1.000000e+000
1.419484778248742e-006	9.999055e-001	2.831639e+000	-1.912107e+000	1.000000e+000
1.429250403248742e-006	9.999888e-001	2.845373e+000	-1.919320e+000	1.000000e+000
1.439016028248742e-006	1.000044e+000	2.857994e+000	-1.925943e+000	1.000000e+000
1.448781653248742e-006	1.000078e+000	2.869591e+000	-1.932022e+000	1.000000e+000
1.458547278248742e-006	1.000093e+000	2.880245e+000	-1.937603e+000	1.000000e+000
1.468312903248742e-006	1.000096e+000	2.890032e+000	-1.942726e+000	1.000000e+000
1.478078528248742e-006	1.000090e+000	2.899022e+000	-1.947428e+000	1.000000e+000
1.487844153248742e-006	1.000078e+000	2.907278e+000	-1.951745e+000	1.000000e+000
1.497609778248742e-006	1.000064e+000	2.914861e+000	-1.955707e+000	1.000000e+000
1.507375403248742e-006	1.000048e+000	2.921824e+000	-1.959343e+000	1.000000e+000
1.517141028248742e-006	1.000033e+000	2.928219e+000	-1.962681e+000	1.000000e+000
1.526906653248742e-006	1.000018e+000	2.934091e+000	-1.965744e+000	1.000000e+000
1.536672278248742e-006	1.000006e+000	2.939482e+000	-1.968555e+000	1.000000e+000
1.546437903248742e-006	9.999962e-001	2.944433e+000	-1.971136e+000	1.000000e+000
1.556203528248742e-006	9.999883e-001	2.948978e+000	-1.973504e+000	1.000000e+000
1.575734778248742e-006	9.999779e-001	2.956983e+000	-1.977673e+000	1.000000e+000
1.595266028248742e-006	9.999735e-001	2.963730e+000	-1.981184e+000	1.000000e+000
1.614797278248742e-006	9.999727e-001	2.969417e+000	-1.984142e+000	1.000000e+000
1.634328528248742e-006	9.999738e-001	2.974210e+000	-1.986633e+000	1.000000e+000
1.653859778248742e-006	9.999754e-001	2.978250e+000	-1.988731e+000	1.000000e+000
1.673391028248742e-006	9.999770e-001	2.981655e+000	-1.990499e+000	1.000000e+000
1.692922278248742e-006	9.999782e-001	2.984525e+000	-1.991987e+000	1.000000e+000
1.712453528248742e-006	9.999790e-001	2.986943e+000	-1.993241e+000	1.000000e+000
1.741750403248742e-006	9.999794e-001	2.989877e+000	-1.994761e+000	1.000000e+000
1.771047278248743e-006	9.999794e-001	2.992147e+000	-1.995936e+000	1.000000e+000
1.800344153248743e-006	9.999793e-001	2.993903e+000	-1.996844e+000	1.000000e+000
1.829641028248743e-006	9.999791e-001	2.995262e+000	-1.997546e+000	1.000000e+000
1.854273012712131e-006	9.999791e-001	2.996100e+000	-1.997979e+000	1.000000e+000
1.878904997175519e-006	9.999791e-001	2.996832e+000	-1.998356e+000	1.000000e+000
1.903536981638907e-006	9.999791e-001	2.997456e+000	-1.998678e+000	1.000000e+000
1.928168966102295e-006	9.999791e-001	2.997973e+000	-1.998945e+000	1.000000e+000
1.952800950565683e-006	9.999791e-001	2.998384e+000	-1.999156e+000	1.000000e+000
1.977432935029072e-006	9.999791e-001	2.998687e+000	-1.999312e+000	1.000000e+000
2.002064919492460e-006	9.999791e-001	2.998883e+000	-1.999413e+000	1.000000e+000
2.010000000000000e-006	9.999791e-001	2.998952e+000	-1.999448e+000	1.000000e+000
2.011428571428571e-006	1.000145e+000	2.999122e+000	-2.006412e+000	8.571429e-001
2.012857142857143e-006	9.997043e-001	2.998714e+000	-2.012935e+000	7.142857e-001
2.014285714285714e-006	9.986560e-001	2.997725e+000	-2.019016e+000	5.714286e-001
2.015714285714286e-006	9.970004e-001	2.996158e+000	-2.024656e+000	4.285714e-001
2.017142857142857e-006	9.947375e-001	2.994010e+000	-2.029853e+000	2.857143e-001
2.018571428571429e-006	9.918673e-001	2.991284e+000	-2.034610e+000	1.428571e-001
2.020000000000000e-006	9.883898e-001	2.987977e+000	-2.038924e+000	9.547918e-015
2.023421070877517e-006	9.739168e-001	2.974210e+000	-2.027297e+000	3.915383e-015
2.026842141755034e-006	9.565960e-001	2.957723e+000	-2.013078e+000	-2.943028e-016
2.030263212632551e-006	9.364274e-001	2.938516e+000	-1.996267e+000	-3.081140e-015
2.033684283510068e-006	9.134110e-001	2.916588e+000	-1.976865e+000	-4.445128e-015
2.037105354387585e-006	8.875468e-001	2.891941e+000	-1.954872e+000	-4.386268e-015
2.040526425265103e-006	8.588347e-001	2.864573e+000	-1.930286e+000	-2.904558e-015
2.043947496142620e-006	8.272749e-001	2.834485e+000	-1.903110e+000	0.000000e+000
2.053713121142620e-006	7.329213e-001	2.743969e+000	-1.822017e+000	0.000000e+000
2.083009996142620e-006	4.210531e-001	2.424420e+000	-1.544588e+000	0.000000e+000
2.092775621142620e-006	3.246098e-001	2.309970e+000	-1.450083e+000	0.000000e+000
2.102541246142620e-006	2.382367e-001	2.194141e+000	-1.357349e+000	0.000000e+000
2.112306871142620e-006	1.639816e-001	2.078095e+000	-1.267349e+000	0.000000e+000
2.122072496142620e-006	1.027189e-001	1.962837e+000	-1.180749e+000	0.000000e+000
2.131838121142620e-006	5.431941e-002	1.849237e+000	-1.097994e+000	0.000000e+000
2.141603746142620e-006	1.789219e-002	1.738040e+000	-1.019356e+000	0.000000e+000
2.151369371142620e-006	-7.955814e-003	1.629870e+000	-9.449847e-001	0.000000e+000
2.161134996142620e-006	-2.488273e-002	1.525242e+000	-8.749273e-001	0.000000e+000
2.170900621142620e-006	-3.461942e-002	1.424565e+000	-8.091592e-001	0.000000e+000
2.180666246142620e-006	-3.882875e-002	1.328150e+000	-7.475994e-001	0.000000e+000
2.190431871142620e-006	-3.901357e-002	1.236217e+000	-6.901259e-001	0.000000e+000
2.200197496142620e-006	-3.646538e-002	1.148906e+000	-6.365865e-001	0.000000e+000
2.209963121142620e-006	-3.224423e-002	1.066287e+000	-5.868088e-001	0.000000e+000
2.219728746142620e-006	-2.718122e-002	9.883654e-001	-5.406067e-001	0.000000e+000
2.229494371142620e-006	-2.189584e-002	9.150949e-001	-4.977871e-001	0.000000e+000
2.239259996142620e-006	-1.682215e-002	8.463854e-001	-4.581535e-001	0.000000e+000
2.249025621142620e-006	-1.223911e-002	7.821112e-001	-4.215106e-001	0.000000e+000
2.258791246142620e-006	-8.301731e-003	7.221195e-001	-3.876661e-001	0.000000e+000
2.268556871142620e-006	-5.070581e-003	6.662362e-001	-3.564334e-001	0.000000e+000
2.278322496142620e-006	-2.538230e-003	6.142729e-001	-3.276324e-001	0.000000e+000
2.288088121142620e-006	-6.517731e-004	5.660316e-001	-3.010914e-001	0.000000e+000
2.297853746142620e-006	6.688099e-004	5.213091e-001	-2.766468e-001	0.000000e+000
2.307619371142620e-006	1.516388e-003	4.799012e-001	-2.541442e-001	0.000000e+000
2.317384996142620e-006	1.986151e-003	4.416050e-001	-2.334382e-001	0.000000e+000
2.327150621142620e-006	2.168334e-003	4.062217e-001	-2.143924e-001	0.000000e+000
2.336916246142620e-006	2.143641e-003	3.735582e-001	-1.968793e-001	0.000000e+000
2.346681871142620e-006	1.980801e-003	3.434286e-001	-1.807800e-001	0.000000e+000
2.356447496142620e-006	1.735738e-003	3.156549e-001	-1.659840e-001	0.000000e+000
2.366213121142620e-006	1.451890e-003	2.900681e-001	-1.523884e-001	0.000000e+000
2.375978746142620e-006	1.161276e-003	2.665082e-001	-1.398982e-001	0.000000e+000
2.385744371142620e-006	8.860047e-004	2.448242e-001	-1.284251e-001	0.000000e+000
2.395509996142621e-006	6.399676e-004	2.248747e-001	-1.178878e-001	0.000000e+000
2.405275621142621e-006	4.305524e-004	2.065271e-001	-1.082109e-001	0.000000e+000
2.415041246142621e-006	2.602431e-004	1.896578e-001	-9.932510e-002	0.000000e+000
2.424806871142621e-006	1.280388e-004	1.741516e-001	-9.116636e-002	0.000000e+000
2.434572496142621e-006	3.065172e-005	1.599016e-001	-8.367571e-002	0.000000e+000
2.444338121142621e-006	-3.652658e-005	1.468084e-001	-7.679886e-002	0.000000e+000
2.454103746142621e-006	-7.868136e-005	1.347803e-001	-7.048583e-002	0.000000e+000
2.463869371142621e-006	-1.010325e-004	1.237320e-001	-6.469063e-002	0.000000e+000
2.473634996142621e-006	-1.084654e-004	1.135850e-001	-5.937101e-002	0.000000e+000
2.483400621142621e-006	-1.053050e-004	1.042668e-001	-5.448806e-002	0.000000e+000
2.493166246142621e-006	-9.520040e-005	9.571038e-002	-5.000607e-002	0.000000e+000
2.502931871142621e-006	-8.109436e-005	8.785416e-002	-4.589222e-002	0.000000e+000
2.512697496142621e-006	-6.525015e-005	8.064129e-002	-4.211632e-002	0.000000e+000
2.522463121142621e-006	-4.931680e-005	7.401945e-002	-3.865068e-002	0.000000e+000
2.532228746142621e-006	-3.441510e-005	6.794052e-002	-3.546984e-002	0.000000e+000
2.541994371142621e-006	-2.123194e-005	6.236021e-002	-3.255044e-002	0.000000e+000
2.551759996142621e-006	-1.011387e-005	5.723781e-002	-2.987101e-002	0.000000e+000
2.561525621142621e-006	-1.153621e-006	5.253588e-002	-2.741185e-002	0.000000e+000
2.571291246142621e-006	5.733992e-006	4.822003e-002	-2.515487e-002	0.000000e+000
2.581056871142621e-006	1.074859e-005	4.425863e-002	-2.308345e-002	0.000000e+000
2.590822496142621e-006	1.415347e-005	4.062265e-002	-2.118235e-002	0.000000e+000
2.600588121142621e-006	1.623691e-005	3.728541e-002	-1.943757e-002	0.000000e+000
2.610353746142621e-006	1.728433e-005	3.422239e-002	-1.783627e-002	0.000000e+000
2.620119371142621e-006	1.755968e-005	3.141112e-002	-1.636665e-002	0.000000e+000
2.629884996142621e-006	1.729426e-005	2.883091e-002	-1.501788e-002	0.000000e+000
2.639650621142621e-006	1.668150e-005	2.646280e-002	-1.378004e-002	0.000000e+000
2.649416246142621e-006	1.587594e-005	2.428937e-002	-1.264399e-002	0.000000e+000
2.659181871142621e-006	1.499527e-005	2.229462e-002	-1.160137e-002	0.000000e+000
2.668947496142621e-006	1.412416e-005	2.046388e-002	-1.064449e-002	0.000000e+000
2.678713121142621e-006	1.331923e-005	1.878367e-002	-9.766316e-003	0.000000e+000
2.688478746142621e-006	1.261418e-005	1.724162e-002	-8.960363e-003	0.000000e+000
2.698244371142621e-006	1.202497e-005	1.582636e-002	-8.220695e-003	0.000000e+000
2.708009996142621e-006	1.155443e-005	1.452749e-002	-7.541860e-003	0.000000e+000
2.717775621142621e-006	1.119636e-005	1.333543e-002	-6.918856e-003	0.000000e+000
2.727541246142621e-006	1.093886e-005	1.224139e-002	-6.347091e-003	0.000000e+000
2.737306871142621e-006	1.076697e-005	1.123733e-002	-5.822351e-003	0.000000e+000
2.747072496142621e-006	1.066474e-005	1.031584e-002	-5.340769e-003	0.000000e+000
2.756838121142621e-006	1.061661e-005	9.470137e-003	-4.898795e-003	0.000000e+000
2.766603746142621e-006	1.060833e-005	8.693982e-003	-4.493172e-003	0.000000e+000
2.776369371142622e-006	1.062756e-005	7.981660e-003	-4.120910e-003	0.000000e+000
2.786134996142622e-006	1.066407e-005	7.327920e-003	-3.779265e-003	0.000000e+000
2.795900621142622e-006	1.070976e-005	6.727946e-003	-3.465719e-003	0.000000e+000
2.805666246142622e-006	1.075853e-005	6.177315e-003	-3.177961e-003	0.000000e+000
2.815431871142622e-006	1.080603e-005	5.671971e-003	-2.913870e-003	0.000000e+000
2.825197496142622e-006	1.084941e-005	5.208189e-003	-2.671500e-003	0.000000e+000
2.834963121142622e-006	1.088705e-005	4.782550e-003	-2.449065e-003	0.000000e+000
2.844728746142622e-006	1.091822e-005	4.391917e-003	-2.244923e-003	0.000000e+000
2.854494371142622e-006	1.094288e-005	4.033413e-003	-2.057572e-003	0.000000e+000
2.864259996142622e-006	1.096146e-005	3.704393e-003	-1.885630e-003	0.000000e+000
2.874025621142622e-006	1.097464e-005	3.402434e-003	-1.727829e-003	0.000000e+000
2.883791246142622e-006	1.098328e-005	3.125310e-003	-1.583007e-003	0.000000e+000
2.893556871142622e-006	1.098825e-005	2.870978e-003	-1.450096e-003	0.000000e+000
2.903322496142622e-006	1.099041e-005	2.637564e-003	-1.328117e-003	0.000000e+000
2.922853746142622e-006	1.098922e-005	2.226749e-003	-1.113431e-003	0.000000e+000
2.942384996142622e-006	1.098450e-005	1.880731e-003	-9.326066e-004	0.000000e+000
2.961916246142622e-006	1.097923e-005	1.589289e-003	-7.803036e-004	0.000000e+000
2.981447496142622e-006	1.097488e-005	1.343584e-003	-6.519018e-004	0.000000e+000
3.000000000000000e-006	1.097198e-005	1.144561e-003	-5.478958e-004	4.235165e-014
3.000318966942680e-006	8.797207e-006	1.139381e-003	9.742677e-004	3.189670e-002
3.000637933885361e-006	1.675752e-005	1.143865e-003	2.489791e-003	6.379339e-002
3.000956900828041e-006	3.485293e-005	1.158013e-003	3.998674e-003	9.569009e-002
3.001275867770721e-006	6.308342e-005	1.181826e-003	5.500916e-003	1.275868e-001
3.001594834713401e-006	1.014490e-004	1.215304e-003	6.996518e-003	1.594835e-001
3.001913801656082e-006	1.499497e-004	1.258446e-003	8.485479e-003	1.913802e-001
3.002232768598762e-006	2.085854e-004	1.311253e-003	9.967800e-003	2.232769e-001
3.003068557020654e-006	4.697378e-004	1.552137e-003	1.378081e-002	3.068557e-001
3.003950594940505e-006	9.382222e-004	1.990331e-003	1.767605e-002	3.950595e-001
3.004938763522548e-006	1.774165e-003	2.778129e-003	2.182790e-002	4.938763e-001
3.006310017898270e-006	3.565795e-003	4.474289e-003	2.714135e-002	6.310018e-001
3.008117263080890e-006	7.024016e-003	7.756725e-003	3.331558e-002	8.117263e-001
3.010000000000000e-006	1.161576e-002	1.212000e-002	3.896426e-002	1.000000e+000
3.010564821075733e-006	1.342119e-002	1.383697e-002	3.759857e-002	1.000000e+000
3.011317915843377e-006	1.605595e-002	1.634307e-002	3.556595e-002	1.000000e+000
3.012824105378665e-006	2.209887e-002	2.209224e-002	3.078222e-002	1.000000e+000
3.015836484449241e-006	3.696227e-002	3.623755e-002	1.864502e-002	1.000000e+000
3.021861242590393e-006	7.431216e-002	7.179375e-002	-1.262867e-002	1.000000e+000
3.029131829454047e-006	1.302216e-001	1.250570e-001	-6.016202e-002	1.000000e+000
3.038897454454047e-006	2.193087e-001	2.102072e-001	-1.364410e-001	1.000000e+000
3.048663079454047e-006	3.186727e-001	3.062746e-001	-2.219639e-001	1.000000e+000
3.058428704454047e-006	4.235812e-001	4.105307e-001	-3.134469e-001	1.000000e+000
3.068194329454047e-006	5.285195e-001	5.202346e-001	-4.076923e-001	1.000000e+000
3.077959954454047e-006	6.286789e-001	6.334447e-001	-5.024270e-001	1.000000e+000
3.087725579454047e-006	7.202406e-001	7.486623e-001	-5.960326e-001	1.000000e+000
3.097491204454047e-006	8.005633e-001	8.646374e-001	-6.873618e-001	1.000000e+000
3.107256829454047e-006	8.682153e-001	9.802926e-001	-7.756125e-001	1.000000e+000
3.117022454454047e-006	9.228610e-001	1.094695e+000	-8.602381e-001	1.000000e+000
3.126788079454047e-006	9.650472e-001	1.207043e+000	-9.408849e-001	1.000000e+000
3.136553704454047e-006	9.959476e-001	1.316656e+000	-1.017345e+000	1.000000e+000
3.146319329454047e-006	1.017111e+000	1.422967e+000	-1.089522e+000	1.000000e+000
3.156084954454047e-006	1.030245e+000	1.525520e+000	-1.157406e+000	1.000000e+000
3.165850579454047e-006	1.037055e+000	1.623957e+000	-1.221048e+000	1.000000e+000
3.175616204454047e-006	1.039125e+000	1.718017e+000	-1.280550e+000	1.000000e+000
3.185381829454047e-006	1.037850e+000	1.807523e+000	-1.336048e+000	1.000000e+000
3.195147454454048e-006	1.034400e+000	1.892371e+000	-1.387705e+000	1.000000e+000
3.204913079454048e-006	1.029716e+000	1.972528e+000	-1.435698e+000	1.000000e+000
3.214678704454048e-006	1.024518e+000	2.048015e+000	-1.480216e+000	1.000000e+000
3.224444329454048e-006	1.019328e+000	2.118902e+000	-1.521453e+000	1.000000e+000
3.234209954454048e-006	1.014497e+000	2.185298e+000	-1.559605e+000	1.000000e+000
3.243975579454048e-006	1.010239e+000	2.247344e+000	-1.594865e+000	1.000000e+000
3.253741204454048e-006	1.006659e+000	2.305202e+000	-1.627421e+000	1.000000e+000
3.263506829454048e-006	1.003783e+000	2.359056e+000	-1.657457e+000	1.000000e+000
3.273272454454048e-006	1.001579e+000	2.409098e+000	-1.685148e+000	1.000000e+000
3.283038079454048e-006	9.999799e-001	2.455528e+000	-1.710661e+000	1.000000e+000
3.292803704454048e-006	9.988987e-001	2.498550e+000	-1.734154e+000	1.000000e+000
3.302569329454048e-006	9.982419e-001	2.538367e+000	-1.755779e+000	1.000000e+000
3.312334954454048e-006	9.979166e-001	2.575180e+000	-1.775674e+000	1.000000e+000
3.322100579454048e-006	9.978378e-001	2.609184e+000	-1.793973e+000	1.000000e+000
3.331866204454048e-006	9.979308e-001	2.640567e+000	-1.810798e+000	1.000000e+000
3.341631829454048e-006	9.981338e-001	2.669512e+000	-1.826263e+000	1.000000e+000
3.351397454454048e-006	9.983971e-001	2.696191e+000	-1.840477e+000	1.000000e+000
3.361163079454048e-006	9.986832e-001	2.720767e+000	-1.853536e+000	1.000000e+000
3.370928704454048e-006	9.989652e-001	2.743397e+000	-1.865533e+000	1.000000e+000
3.380694329454048e-006	9.992251e-001	2.764225e+000	-1.876553e+000	1.000000e+000
3.390459954454048e-006	9.994524e-001	2.783389e+000	-1.886674e+000	1.000000e+000
3.400225579454048e-006	9.996420e-001	2.801015e+000	-1.895968e+000	1.000000e+000
3.409991204454048e-006	9.997932e-001	2.817222e+000	-1.904503e+000	1.000000e+000
3.419756829454048e-006	9.999081e-001	2.832122e+000	-1.912339e+000	1.000000e+000
3.429522454454048e-006	9.999906e-001	2.845817e+000	-1.919534e+000	1.000000e+000
3.439288079454048e-006	1.000046e+000	2.858402e+000	-1.926139e+000	1.000000e+000
3.449053704454048e-006	1.000078e+000	2.869966e+000	-1.932202e+000	1.000000e+000
3.458819329454048e-006	1.000094e+000	2.880589e+000	-1.937768e+000	1.000000e+000
3.468584954454048e-006	1.000096e+000	2.890348e+000	-1.942878e+000	1.000000e+000
3.478350579454048e-006	1.000090e+000	2.899312e+000	-1.947567e+000	1.000000e+000
3.488116204454048e-006	1.000078e+000	2.907545e+000	-1.951872e+000	1.000000e+000
3.497881829454048e-006	1.000063e+000	2.915106e+000	-1.955824e+000	1.000000e+000
3.507647454454048e-006	1.000047e+000	2.922050e+000	-1.959450e+000	1.000000e+000
3.517413079454048e-006	1.000032e+000	2.928426e+000	-1.962779e+000	1.000000e+000
3.527178704454048e-006	1.000018e+000	2.934280e+000	-1.965834e+000	1.000000e+000
3.536944329454048e-006	1.000006e+000	2.939656e+000	-1.968639e+000	1.000000e+000
3.546709954454048e-006	9.999960e-001	2.944592e+000	-1.971212e+000	1.000000e+000
3.556475579454048e-006	9.999881e-001	2.949125e+000	-1.973574e+000	1.000000e+000
3.576006829454049e-006	9.999778e-001	2.957106e+000	-1.977732e+000	1.000000e+000
3.595538079454049e-006	9.999735e-001	2.963834e+000	-1.981234e+000	1.000000e+000
3.615069329454049e-006	9.999727e-001	2.969505e+000	-1.984184e+000	1.000000e+000
3.634600579454049e-006	9.999738e-001	2.974284e+000	-1.986668e+000	1.000000e+000
3.654131829454049e-006	9.999755e-001	2.978313e+000	-1.988761e+000	1.000000e+000
3.673663079454049e-006	9.999771e-001	2.981708e+000	-1.990524e+000	1.000000e+000
3.693194329454049e-006	9.999782e-001	2.984569e+000	-1.992008e+000	1.000000e+000
3.712725579454049e-006	9.999790e-001	2.986981e+000	-1.993259e+000	1.000000e+000
3.742022454454049e-006	9.999794e-001	2.989906e+000	-1.994775e+000	1.000000e+000
3.771319329454049e-006	9.999794e-001	2.992169e+000	-1.995947e+000	1.000000e+000
3.800616204454049e-006	9.999793e-001	2.993921e+000	-1.996852e+000	1.000000e+000
3.829913079454049e-006	9.999791e-001	2.995275e+000	-1.997553e+000	1.000000e+000
3.854409590804626e-006	9.999791e-001	2.996108e+000	-1.997982e+000	1.000000e+000
3.878906102155202e-006	9.999791e-001	2.996834e+000	-1.998357e+000	1.000000e+000
3.903402613505778e-006	9.999791e-001	2.997455e+000	-1.998677e+000	1.000000e+000
3.927899124856355e-006	9.999791e-001	2.997969e+000	-1.998943e+000	1.000000e+000
3.952395636206931e-006	9.999791e-001	2.998378e+000	-1.999153e+000	1.000000e+000
3.976892147557507e-006	9.999791e-001	2.998681e+000	-1.999309e+000	1.000000e+000
4.001388658908084e-006	9.999791e-001	2.998878e+000	-1.999410e+000	1.000000e+000
4.010000000000000e-006	9.999791e-001	2.998952e+000	-1.999448e+000	1.000000e+000
4.011428571428571e-006	1.000131e+000	2.999109e+000	-2.006401e+000	8.571429e-001
4.012857142857142e-006	9.996799e-001	2.998691e+000	-2.012916e+000	7.142857e-001
4.014285714285714e-006	9.986269e-001	2.997698e+000	-2.018993e+000	5.714286e-001
4.015714285714286e-006	9.969715e-001	2.996131e+000	-2.024632e+000	4.285714e-001
4.017142857142857e-006	9.947138e-001	2.993988e+000	-2.029834e+000	2.857143e-001
4.018571428571428e-006	9.918538e-001	2.991271e+000	-2.034599e+000	1.428571e-001
4.020000000000000e-006	9.883915e-001	2.987979e+000	-2.038925e+000	0.000000e+000
4.023411272740949e-006	9.739736e-001	2.974265e+000	-2.027343e+000	0.000000e+000
4.026822545481897e-006	9.567192e-001	2.957841e+000	-2.013180e+000	0.000000e+000
4.030233818222846e-006	9.366283e-001	2.938707e+000	-1.996435e+000	0.000000e+000
4.033645090963794e-006	9.137007e-001	2.916865e+000	-1.977109e+000	0.000000e+000
4.037056363704743e-006	8.879365e-001	2.892313e+000	-1.955201e+000	0.000000e+000
4.040467636445691e-006	8.593358e-001	2.865052e+000	-1.930712e+000	0.000000e+000
4.043878909186640e-006	8.278985e-001	2.835082e+000	-1.903642e+000	0.000000e+000
4.053644534186639e-006	7.336279e-001	2.744652e+000	-1.822623e+000	0.000000e+000
4.082941409186638e-006	4.217661e-001	2.425225e+000	-1.545258e+000	0.000000e+000
4.092707034186638e-006	3.252617e-001	2.310789e+000	-1.450745e+000	0.000000e+000
4.102472659186637e-006	2.388085e-001	2.194966e+000	-1.357995e+000	0.000000e+000
4.112238284186637e-006	1.644630e-001	2.078917e+000	-1.267972e+000	0.000000e+000
4.122003909186636e-006	1.031075e-001	1.963651e+000	-1.181347e+000	0.000000e+000
4.131769534186636e-006	5.461917e-002	1.850037e+000	-1.098563e+000	0.000000e+000
4.141535159186636e-006	1.811149e-002	1.738820e+000	-1.019896e+000	0.000000e+000
4.151300784186635e-006	-7.805911e-003	1.630626e+000	-9.454942e-001	0.000000e+000
4.161066409186635e-006	-2.479001e-002	1.525972e+000	-8.754063e-001	0.000000e+000
4.170832034186634e-006	-3.457170e-002	1.425265e+000	-8.096082e-001	0.000000e+000
4.180597659186634e-006	-3.881472e-002	1.328819e+000	-7.480192e-001	0.000000e+000
4.190363284186634e-006	-3.902328e-002	1.236853e+000	-6.905173e-001	0.000000e+000
4.200128909186633e-006	-3.649046e-002	1.149510e+000	-6.369508e-001	0.000000e+000
4.209894534186633e-006	-3.227799e-002	1.066857e+000	-5.871472e-001	0.000000e+000
4.219660159186632e-006	-2.721853e-002	9.889023e-001	-5.409206e-001	0.000000e+000
4.229425784186632e-006	-2.193301e-002	9.155990e-001	-4.980777e-001	0.000000e+000
4.239191409186632e-006	-1.685667e-002	8.468574e-001	-4.584224e-001	0.000000e+000
4.248957034186631e-006	-1.226947e-002	7.825524e-001	-4.217590e-001	0.000000e+000
4.258722659186631e-006	-8.327200e-003	7.225308e-001	-3.878955e-001	0.000000e+000
4.268488284186630e-006	-5.091001e-003	6.666190e-001	-3.566449e-001	0.000000e+000
4.278253909186630e-006	-2.553837e-003	6.146286e-001	-3.278275e-001	0.000000e+000
4.288019534186630e-006	-6.630573e-004	5.663615e-001	-3.012711e-001	0.000000e+000
4.297785159186629e-006	6.612208e-004	5.216147e-001	-2.768122e-001	0.000000e+000
4.307550784186629e-006	1.511817e-003	4.801840e-001	-2.542965e-001	0.000000e+000
4.317316409186628e-006	1.983933e-003	4.418664e-001	-2.335783e-001	0.000000e+000
4.327082034186628e-006	2.167859e-003	4.064631e-001	-2.145212e-001	0.000000e+000
4.336847659186628e-006	2.144377e-003	3.737810e-001	-1.969977e-001	0.000000e+000
4.346613284186627e-006	1.982305e-003	3.436340e-001	-1.808889e-001	0.000000e+000
4.356378909186627e-006	1.737658e-003	3.158442e-001	-1.660840e-001	0.000000e+000
4.366144534186626e-006	1.453959e-003	2.902425e-001	-1.524803e-001	0.000000e+000
4.375910159186626e-006	1.163305e-003	2.666687e-001	-1.399826e-001	0.000000e+000
4.385675784186626e-006	8.878666e-004	2.449719e-001	-1.285027e-001	0.000000e+000
4.395441409186625e-006	6.415894e-004	2.250105e-001	-1.179590e-001	0.000000e+000
4.405207034186625e-006	4.319008e-004	2.066520e-001	-1.082763e-001	0.000000e+000
4.414972659186624e-006	2.613143e-004	1.897726e-001	-9.938516e-002	0.000000e+000
4.424738284186624e-006	1.288492e-004	1.742572e-001	-9.122150e-002	0.000000e+000
4.434503909186624e-006	3.123025e-005	1.599986e-001	-8.372634e-002	0.000000e+000
4.444269534186623e-006	-3.614441e-005	1.468976e-001	-7.684533e-002	0.000000e+000
4.454035159186623e-006	-7.845811e-005	1.348621e-001	-7.052849e-002	0.000000e+000
4.463800784186622e-006	-1.009319e-004	1.238072e-001	-6.472979e-002	0.000000e+000
4.473566409186622e-006	-1.084547e-004	1.136540e-001	-5.940695e-002	0.000000e+000
4.483332034186622e-006	-1.053557e-004	1.043302e-001	-5.452105e-002	0.000000e+000
4.493097659186621e-006	-9.528924e-005	9.576861e-002	-5.003636e-002	0.000000e+000
4.502863284186621e-006	-8.120284e-005	8.790762e-002	-4.592001e-002	0.000000e+000
4.512628909186620e-006	-6.536447e-005	8.069037e-002	-4.214183e-002	0.000000e+000
4.522394534186620e-006	-4.942724e-005	7.406451e-002	-3.867410e-002	0.000000e+000
4.532160159186620e-006	-3.451535e-005	6.798188e-002	-3.549134e-002	0.000000e+000
4.541925784186619e-006	-2.131842e-005	6.239818e-002	-3.257017e-002	0.000000e+000
4.551691409186619e-006	-1.018513e-005	5.727267e-002	-2.988912e-002	0.000000e+000
4.561457034186618e-006	-1.209702e-006	5.256788e-002	-2.742847e-002	0.000000e+000
4.571222659186618e-006	5.692013e-006	4.824939e-002	-2.517012e-002	0.000000e+000
4.580988284186618e-006	1.071902e-005	4.428558e-002	-2.309745e-002	0.000000e+000
4.590753909186617e-006	1.413431e-005	4.064739e-002	-2.119520e-002	0.000000e+000
4.600519534186617e-006	1.622610e-005	3.730811e-002	-1.944936e-002	0.000000e+000
4.610285159186616e-006	1.727992e-005	3.424323e-002	-1.784709e-002	0.000000e+000
4.620050784186616e-006	1.755988e-005	3.143024e-002	-1.637658e-002	0.000000e+000
4.629816409186616e-006	1.729757e-005	2.884847e-002	-1.502700e-002	0.000000e+000
4.639582034186615e-006	1.668669e-005	2.647891e-002	-1.378840e-002	0.000000e+000
4.649347659186615e-006	1.588204e-005	2.430416e-002	-1.265166e-002	0.000000e+000
4.659113284186614e-006	1.500156e-005	2.230819e-002	-1.160841e-002	0.000000e+000
4.668878909186614e-006	1.413016e-005	2.047634e-002	-1.065096e-002	0.000000e+000
4.678644534186614e-006	1.332461e-005	1.879510e-002	-9.772250e-003	0.000000e+000
4.688410159186613e-006	1.261878e-005	1.725211e-002	-8.965809e-003	0.000000e+000
4.698175784186613e-006	1.202872e-005	1.583599e-002	-8.225692e-003	0.000000e+000
4.707941409186612e-006	1.155736e-005	1.453633e-002	-7.546447e-003	0.000000e+000
4.717707034186612e-006	1.119853e-005	1.334354e-002	-6.923066e-003	0.000000e+000
4.727472659186612e-006	1.094036e-005	1.224884e-002	-6.350954e-003	0.000000e+000
4.737238284186611e-006	1.076793e-005	1.124416e-002	-5.825897e-003	0.000000e+000
4.747003909186611e-006	1.066526e-005	1.032211e-002	-5.344023e-003	0.000000e+000
4.756769534186610e-006	1.061679e-005	9.475891e-003	-4.901782e-003	0.000000e+000
4.766535159186610e-006	1.060828e-005	8.699263e-003	-4.495912e-003	0.000000e+000
4.776300784186610e-006	1.062735e-005	7.986506e-003	-4.123425e-003	0.000000e+000
4.786066409186609e-006	1.066377e-005	7.332367e-003	-3.781573e-003	0.000000e+000
4.795832034186609e-006	1.070942e-005	6.732028e-003	-3.467837e-003	0.000000e+000
4.805597659186608e-006	1.075818e-005	6.181062e-003	-3.179905e-003	0.000000e+000
4.815363284186608e-006	1.080570e-005	5.675409e-003	-2.915655e-003	0.000000e+000
4.825128909186608e-006	1.084912e-005	5.211344e-003	-2.673138e-003	0.000000e+000
4.834894534186607e-006	1.088681e-005	4.785446e-003	-2.450567e-003	0.000000e+000
4.844660159186607e-006	1.091802e-005	4.394575e-003	-2.246303e-003	0.000000e+000
4.854425784186606e-006	1.094273e-005	4.035851e-003	-2.058838e-003	0.000000e+000
4.864191409186606e-006	1.096134e-005	3.706631e-003	-1.886792e-003	0.000000e+000
4.873957034186606e-006	1.097457e-005	3.404488e-003	-1.728895e-003	0.000000e+000
4.883722659186605e-006	1.098323e-005	3.127195e-003	-1.583986e-003	0.000000e+000
4.893488284186605e-006	1.098823e-005	2.872708e-003	-1.450995e-003	0.000000e+000
4.903253909186604e-006	1.099040e-005	2.639152e-003	-1.328941e-003	0.000000e+000
4.922785159186604e-006	1.098923e-005	2.228086e-003	-1.114125e-003	0.000000e+000
4.942316409186603e-006	1.098452e-005	1.881857e-003	-9.331913e-004	0.000000e+000
4.961847659186602e-006	1.097924e-005	1.590238e-003	-7.807961e-004	0.000000e+000
4.981378909186601e-006	1.097490e-005	1.344615e-003	-6.524381e-004	0.000000e+000
5.000000000000000e-006	1.097198e-005	1.144568e-003	-5.478970e-004	0.000000e+000
5.000289621069772e-006	8.920836e-006	1.139791e-003	8.342679e-004	2.896211e-002
5.000579242139544e-006	1.484371e-005	1.142618e-003	2.211212e-003	5.792422e-002
5.000868863209317e-006	2.874062e-005	1.153049e-003	3.582935e-003	8.688632e-002
5.001158484279089e-006	5.061155e-005	1.171084e-003	4.949437e-003	1.158484e-001
5.001448105348862e-006	8.045650e-005	1.196722e-003	6.310718e-003	1.448105e-001
5.001737726418634e-006	1.182755e-004	1.229965e-003	7.666778e-003	1.737726e-001
5.002027347488407e-006	1.640685e-004	1.270812e-003	9.017617e-003	2.027348e-001
5.002899456743800e-006	4.040394e-004	1.491140e-003	1.301789e-002	2.899457e-001
5.003746965095511e-006	8.072357e-004	1.867390e-003	1.679217e-002	3.746965e-001
5.004689752636694e-006	1.528901e-003	2.546573e-003	2.080565e-002	4.689753e-001
5.005964170862659e-006	3.039432e-003	3.975396e-003	2.585588e-002	5.964171e-001
5.007648371152700e-006	5.682427e-003	6.481162e-003	3.206604e-002	7.648371e-001
5.007930084368398e-006	6.264106e-003	7.033573e-003	3.300092e-002	7.930084e-001
5.008305701989328e-006	7.127367e-003	7.853782e-003	3.417813e-002	8.305702e-001
5.009056937231188e-006	9.033529e-003	9.665458e-003	3.638144e-002	9.056937e-001
5.010000000000000e-006	1.163102e-002	1.213474e-002	3.897085e-002	1.000000e+000
5.010660143938168e-006	1.374557e-002	1.414559e-002	3.737081e-002	1.000000e+000
5.011414594153217e-006	1.641646e-002	1.668600e-002	3.530559e-002	1.000000e+000
5.012923494583314e-006	2.253097e-002	2.250318e-002	3.045735e-002	1.000000e+000
5.015941295443510e-006	3.753456e-002	3.678169e-002	1.819425e-002	1.000000e+000
5.021976897163902e-006	7.516773e-002	7.260720e-002	-1.333194e-002	1.000000e+000
5.029300392827177e-006	1.317136e-001	1.264776e-001	-6.141611e-002	1.000000e+000
5.039066017827176e-006	2.210376e-001	2.118635e-001	-1.379038e-001	1.000000e+000
5.048831642827176e-006	3.205565e-001	3.081127e-001	-2.235722e-001	1.000000e+000
5.058597267827176e-006	4.255137e-001	4.124903e-001	-3.151319e-001	1.000000e+000
5.068362892827175e-006	5.304053e-001	5.222743e-001	-4.094051e-001	1.000000e+000
5.078128517827175e-006	6.304386e-001	6.355336e-001	-5.041329e-001	1.000000e+000
5.087894142827174e-006	7.218151e-001	7.507757e-001	-5.977067e-001	1.000000e+000
5.097659767827174e-006	8.019156e-001	8.667542e-001	-6.889870e-001	1.000000e+000
5.107425392827174e-006	8.693300e-001	9.823945e-001	-7.771765e-001	1.000000e+000
5.117191017827173e-006	9.237408e-001	1.096766e+000	-8.617330e-001	1.000000e+000
5.126956642827173e-006	9.657089e-001	1.209070e+000	-9.423056e-001	1.000000e+000
5.136722267827172e-006	9.964166e-001	1.318627e+000	-1.018689e+000	1.000000e+000
5.146487892827172e-006	1.017417e+000	1.424874e+000	-1.090789e+000	1.000000e+000
5.156253517827172e-006	1.030421e+000	1.527354e+000	-1.158594e+000	1.000000e+000
5.166019142827171e-006	1.037131e+000	1.625714e+000	-1.222161e+000	1.000000e+000
5.175784767827171e-006	1.039128e+000	1.719692e+000	-1.281589e+000	1.000000e+000
5.185550392827170e-006	1.037803e+000	1.809113e+000	-1.337016e+000	1.000000e+000
5.195316017827170e-006	1.034323e+000	1.893876e+000	-1.388605e+000	1.000000e+000
5.205081642827170e-006	1.029624e+000	1.973947e+000	-1.436533e+000	1.000000e+000
5.214847267827169e-006	1.024422e+000	2.049350e+000	-1.480990e+000	1.000000e+000
5.224612892827169e-006	1.019235e+000	2.120154e+000	-1.522170e+000	1.000000e+000
5.234378517827169e-006	1.014413e+000	2.186469e+000	-1.560268e+000	1.000000e+000
5.244144142827168e-006	1.010167e+000	2.248437e+000	-1.595477e+000	1.000000e+000
5.253909767827168e-006	1.006600e+000	2.306221e+000	-1.627987e+000	1.000000e+000
5.263675392827167e-006	1.003737e+000	2.360003e+000	-1.657978e+000	1.000000e+000
5.273441017827167e-006	1.001545e+000	2.409977e+000	-1.685628e+000	1.000000e+000
5.283206642827167e-006	9.999557e-001	2.456343e+000	-1.711103e+000	1.000000e+000
5.292972267827166e-006	9.988832e-001	2.499305e+000	-1.734562e+000	1.000000e+000
5.302737892827166e-006	9.982333e-001	2.539066e+000	-1.756154e+000	1.000000e+000
5.312503517827165e-006	9.979132e-001	2.575825e+000	-1.776019e+000	1.000000e+000
5.322269142827165e-006	9.978381e-001	2.609780e+000	-1.794290e+000	1.000000e+000
5.332034767827165e-006	9.979337e-001	2.641117e+000	-1.811089e+000	1.000000e+000
5.341800392827164e-006	9.981382e-001	2.670019e+000	-1.826532e+000	1.000000e+000
5.351566017827164e-006	9.984022e-001	2.696658e+000	-1.840723e+000	1.000000e+000
5.361331642827163e-006	9.986885e-001	2.721198e+000	-1.853762e+000	1.000000e+000
5.371097267827163e-006	9.989702e-001	2.743793e+000	-1.865741e+000	1.000000e+000
5.380862892827163e-006	9.992296e-001	2.764590e+000	-1.876744e+000	1.000000e+000
5.390628517827162e-006	9.994562e-001	2.783724e+000	-1.886849e+000	1.000000e+000
5.400394142827162e-006	9.996451e-001	2.801323e+000	-1.896129e+000	1.000000e+000
5.410159767827161e-006	9.997956e-001	2.817506e+000	-1.904651e+000	1.000000e+000
5.419925392827161e-006	9.999099e-001	2.832383e+000	-1.912475e+000	1.000000e+000
5.429691017827161e-006	9.999919e-001	2.846056e+000	-1.919658e+000	1.000000e+000
5.439456642827160e-006	1.000046e+000	2.858622e+000	-1.926253e+000	1.000000e+000
5.449222267827160e-006	1.000079e+000	2.870168e+000	-1.932307e+000	1.000000e+000
5.458987892827159e-006	1.000094e+000	2.880775e+000	-1.937865e+000	1.000000e+000
5.468753517827159e-006	1.000096e+000	2.890519e+000	-1.942966e+000	1.000000e+000
5.478519142827159e-006	1.000090e+000	2.899469e+000	-1.947649e+000	1.000000e+000
5.488284767827158e-006	1.000078e+000	2.907689e+000	-1.951947e+000	1.000000e+000
5.498050392827158e-006	1.000063e+000	2.915238e+000	-1.955892e+000	1.000000e+000
5.507816017827157e-006	1.000047e+000	2.922171e+000	-1.959513e+000	1.000000e+000
5.517581642827157e-006	1.000032e+000	2.928537e+000	-1.962837e+000	1.000000e+000
5.527347267827157e-006	1.000018e+000	2.934383e+000	-1.965887e+000	1.000000e+000
5.537112892827156e-006	1.000006e+000	2.939750e+000	-1.968687e+000	1.000000e+000
5.546878517827156e-006	9.999959e-001	2.944679e+000	-1.971257e+000	1.000000e+000
5.556644142827155e-006	9.999880e-001	2.949204e+000	-1.973615e+000	1.000000e+000
5.576175392827155e-006	9.999778e-001	2.957173e+000	-1.977766e+000	1.000000e+000
5.595706642827154e-006	9.999734e-001	2.963891e+000	-1.981263e+000	1.000000e+000
5.615237892827153e-006	9.999727e-001	2.969552e+000	-1.984208e+000	1.000000e+000
5.634769142827152e-006	9.999738e-001	2.974324e+000	-1.986689e+000	1.000000e+000
5.654300392827151e-006	9.999755e-001	2.978346e+000	-1.988778e+000	1.000000e+000
5.673831642827151e-006	9.999771e-001	2.981736e+000	-1.990538e+000	1.000000e+000
5.693362892827150e-006	9.999782e-001	2.984593e+000	-1.992021e+000	1.000000e+000
5.712894142827149e-006	9.999790e-001	2.987001e+000	-1.993269e+000	1.000000e+000
5.742191017827148e-006	9.999794e-001	2.989922e+000	-1.994783e+000	1.000000e+000
5.771487892827147e-006	9.999794e-001	2.992182e+000	-1.995953e+000	1.000000e+000
5.800784767827145e-006	9.999793e-001	2.993930e+000	-1.996857e+000	1.000000e+000
5.830081642827144e-006	9.999791e-001	2.995283e+000	-1.997556e+000	1.000000e+000
5.854602234659591e-006	9.999791e-001	2.996114e+000	-1.997986e+000	1.000000e+000
5.879122826492039e-006	9.999791e-001	2.996840e+000	-1.998360e+000	1.000000e+000
5.903643418324486e-006	9.999791e-001	2.997460e+000	-1.998680e+000	1.000000e+000
5.928164010156933e-006	9.999791e-001	2.997974e+000	-1.998945e+000	1.000000e+000
5.952684601989380e-006	9.999791e-001	2.998382e+000	-1.999155e+000	1.000000e+000
5.977205193821828e-006	9.999791e-001	2.998684e+000	-1.999311e+000	1.000000e+000
6.001725785654275e-006	9.999791e-001	2.998880e+000	-1.999411e+000	1.000000e+000
6.010000000000000e-006	9.999791e-001	2.998952e+000	-1.999448e+000	1.000000e+000
6.011428571428572e-006	1.000235e+000	2.999209e+000	-2.006489e+000	8.571429e-001
6.012857142857143e-006	9.998529e-001	2.998856e+000	-2.013063e+000	7.142857e-001
6.014285714285714e-006	9.988330e-001	2.997895e+000	-2.019170e+000	5.714286e-001
6.015714285714286e-006	9.971751e-001	2.996325e+000	-2.024811e+000	4.285714e-001
6.017142857142858e-006	9.948794e-001	2.994146e+000	-2.029985e+000	2.857143e-001
6.018571428571428e-006	9.919458e-001	2.991359e+000	-2.034693e+000	1.428571e-001
6.020000000000000e-006	9.883742e-001	2.987963e+000	-2.038934e+000	0.000000e+000
6.022648987079993e-006	9.779568e-001	2.978052e+000	-2.030670e+000	0.000000e+000
6.025297974159985e-006	9.655521e-001	2.966245e+000	-2.020587e+000	0.000000e+000
6.027946961239978e-006	9.511602e-001	2.952544e+000	-2.008684e+000	0.000000e+000
6.030595948319971e-006	9.347810e-001	2.936948e+000	-1.994961e+000	0.000000e+000
6.033244935399963e-006	9.164147e-001	2.919457e+000	-1.979419e+000	0.000000e+000
6.035893922479956e-006	8.960611e-001	2.900071e+000	-1.962057e+000	0.000000e+000
6.038542909559949e-006	8.737202e-001	2.878790e+000	-1.942876e+000	0.000000e+000
6.048308534559948e-006	7.865565e-001	2.795528e+000	-1.868156e+000	0.000000e+000
6.058074159559948e-006	6.876122e-001	2.700005e+000	-1.782881e+000	0.000000e+000
6.077605409559947e-006	4.775598e-001	2.486587e+000	-1.597080e+000	0.000000e+000
6.087371034559947e-006	3.768744e-001	2.373463e+000	-1.502147e+000	0.000000e+000
6.097136659559946e-006	2.846016e-001	2.258240e+000	-1.408289e+000	0.000000e+000
6.106902284559946e-006	2.034657e-001	2.142179e+000	-1.316676e+000	0.000000e+000
6.116667909559945e-006	1.349758e-001	2.026368e+000	-1.228129e+000	0.000000e+000
6.126433534559945e-006	7.953113e-002	1.911752e+000	-1.143205e+000	0.000000e+000
6.136199159559945e-006	3.662984e-002	1.799142e+000	-1.062267e+000	0.000000e+000
6.145964784559944e-006	5.125055e-003	1.689229e+000	-9.855270e-001	0.000000e+000
6.155730409559944e-006	-1.652170e-002	1.582587e+000	-9.130852e-001	0.000000e+000
6.165496034559943e-006	-3.002175e-002	1.479682e+000	-8.449546e-001	0.000000e+000
6.175261659559943e-006	-3.708991e-002	1.380879e+000	-7.810832e-001	0.000000e+000
6.185027284559943e-006	-3.932623e-002	1.286447e+000	-7.213700e-001	0.000000e+000
6.194792909559942e-006	-3.814335e-002	1.196570e+000	-6.656780e-001	0.000000e+000
6.204558534559942e-006	-3.473021e-002	1.111354e+000	-6.138451e-001	0.000000e+000
6.214324159559941e-006	-3.004319e-002	1.030839e+000	-5.656917e-001	0.000000e+000
6.224089784559941e-006	-2.481598e-002	9.550075e-001	-5.210282e-001	0.000000e+000
6.233855409559941e-006	-1.958160e-002	8.837914e-001	-4.796593e-001	0.000000e+000
6.243621034559940e-006	-1.470090e-002	8.170840e-001	-4.413888e-001	0.000000e+000
6.253386659559940e-006	-1.039364e-002	7.547464e-001	-4.060224e-001	0.000000e+000
6.263152284559939e-006	-6.769132e-003	6.966157e-001	-3.733700e-001	0.000000e+000
6.272917909559939e-006	-3.854489e-003	6.425105e-001	-3.432478e-001	0.000000e+000
6.282683534559939e-006	-1.619418e-003	5.922376e-001	-3.154795e-001	0.000000e+000
6.292449159559938e-006	3.124384e-006	5.455961e-001	-2.898968e-001	0.000000e+000
6.302214784559938e-006	1.100433e-003	5.023821e-001	-2.663402e-001	0.000000e+000
6.311980409559937e-006	1.767508e-003	4.623915e-001	-2.446595e-001	0.000000e+000
6.321746034559937e-006	2.098050e-003	4.254231e-001	-2.247131e-001	0.000000e+000
6.331511659559937e-006	2.178458e-003	3.912803e-001	-2.063688e-001	0.000000e+000
6.341277284559936e-006	2.084275e-003	3.597732e-001	-1.895030e-001	0.000000e+000
6.351042909559936e-006	1.878531e-003	3.307194e-001	-1.740004e-001	0.000000e+000
6.360808534559935e-006	1.611475e-003	3.039446e-001	-1.597541e-001	0.000000e+000
6.370574159559935e-006	1.321276e-003	2.792841e-001	-1.466648e-001	0.000000e+000
6.380339784559935e-006	1.035320e-003	2.565817e-001	-1.346404e-001	0.000000e+000
6.390105409559934e-006	7.718288e-004	2.356908e-001	-1.235960e-001	0.000000e+000
6.399871034559934e-006	5.415789e-004	2.164739e-001	-1.134529e-001	0.000000e+000
6.409636659559933e-006	3.495777e-004	1.988026e-001	-1.041385e-001	0.000000e+000
6.419402284559933e-006	1.965886e-004	1.825570e-001	-9.558582e-002	0.000000e+000
6.429167909559933e-006	8.045422e-005	1.676257e-001	-8.773322e-002	0.000000e+000
6.438933534559932e-006	-2.809377e-006	1.539052e-001	-8.052385e-002	0.000000e+000
6.448699159559932e-006	-5.814774e-005	1.412996e-001	-7.390537e-002	0.000000e+000
6.458464784559931e-006	-9.081754e-005	1.297200e-001	-6.782965e-002	0.000000e+000
6.468230409559931e-006	-1.059255e-004	1.190844e-001	-6.225241e-002	0.000000e+000
6.477996034559931e-006	-1.081271e-004	1.093169e-001	-5.713291e-002	0.000000e+000
6.487761659559930e-006	-1.014537e-004	1.003475e-001	-5.243374e-002	0.000000e+000
6.497527284559930e-006	-8.923839e-005	9.211179e-002	-4.812047e-002	0.000000e+000
6.507292909559929e-006	-7.411416e-005	8.455020e-002	-4.416151e-002	0.000000e+000
6.517058534559929e-006	-5.806005e-005	7.760802e-002	-4.052781e-002	0.000000e+000
6.526824159559929e-006	-4.247754e-005	7.123484e-002	-3.719271e-002	0.000000e+000
6.536589784559928e-006	-2.828168e-005	6.538429e-002	-3.413170e-002	0.000000e+000
6.546355409559928e-006	-1.599595e-005	6.001372e-002	-3.132229e-002	0.000000e+000
6.556121034559927e-006	-5.843330e-006	5.508392e-002	-2.874382e-002	0.000000e+000
6.565886659559927e-006	2.171661e-006	5.055883e-002	-2.637733e-002	0.000000e+000
6.575652284559927e-006	8.192444e-006	4.640533e-002	-2.420540e-002	0.000000e+000
6.585417909559926e-006	1.245263e-005	4.259300e-002	-2.221205e-002	0.000000e+000
6.595183534559926e-006	1.523077e-005	3.909386e-002	-2.038261e-002	0.000000e+000
6.604949159559925e-006	1.681674e-005	3.588224e-002	-1.870359e-002	0.000000e+000
6.614714784559925e-006	1.748816e-005	3.293455e-002	-1.716265e-002	0.000000e+000
6.624480409559925e-006	1.749538e-005	3.022912e-002	-1.574842e-002	0.000000e+000
6.634246034559924e-006	1.705313e-005	2.774607e-002	-1.445049e-002	0.000000e+000
6.644011659559924e-006	1.633735e-005	2.546714e-002	-1.325931e-002	0.000000e+000
6.653777284559923e-006	1.548575e-005	2.337557e-002	-1.216608e-002	0.000000e+000
6.663542909559923e-006	1.460068e-005	2.145595e-002	-1.116277e-002	0.000000e+000
6.673308534559923e-006	1.375366e-005	1.969417e-002	-1.024197e-002	0.000000e+000
6.683074159559922e-006	1.299038e-005	1.807724e-002	-9.396894e-003	0.000000e+000
6.692839784559922e-006	1.233603e-005	1.659328e-002	-8.621323e-003	0.000000e+000
6.702605409559921e-006	1.180015e-005	1.523134e-002	-7.909538e-003	0.000000e+000
6.712371034559921e-006	1.138107e-005	1.398140e-002	-7.256295e-003	0.000000e+000
6.722136659559921e-006	1.106967e-005	1.283424e-002	-6.656777e-003	0.000000e+000
6.731902284559920e-006	1.085239e-005	1.178143e-002	-6.106567e-003	0.000000e+000
6.741667909559920e-006	1.071362e-005	1.081519e-002	-5.601609e-003	0.000000e+000
6.751433534559919e-006	1.063743e-005	9.928418e-003	-5.138182e-003	0.000000e+000
6.761199159559919e-006	1.060876e-005	9.114575e-003	-4.712870e-003	0.000000e+000
6.770964784559919e-006	1.061419e-005	8.367661e-003	-4.322539e-003	0.000000e+000
6.780730409559918e-006	1.064228e-005	7.682176e-003	-3.964311e-003	0.000000e+000
6.790496034559918e-006	1.068378e-005	7.053067e-003	-3.635545e-003	0.000000e+000
6.800261659559917e-006	1.073148e-005	6.475697e-003	-3.333820e-003	0.000000e+000
6.810027284559917e-006	1.078012e-005	5.945813e-003	-3.056910e-003	0.000000e+000
6.819792909559917e-006	1.082605e-005	5.459508e-003	-2.802776e-003	0.000000e+000
6.829558534559916e-006	1.086701e-005	5.013200e-003	-2.569543e-003	0.000000e+000
6.839324159559916e-006	1.090180e-005	4.603598e-003	-2.355493e-003	0.000000e+000
6.849089784559916e-006	1.093003e-005	4.227683e-003	-2.159047e-003	0.000000e+000
6.858855409559915e-006	1.095190e-005	3.882686e-003	-1.978759e-003	0.000000e+000
6.868621034559915e-006	1.096797e-005	3.566063e-003	-1.813299e-003	0.000000e+000
6.878386659559914e-006	1.097901e-005	3.275481e-003	-1.661447e-003	0.000000e+000
6.888152284559914e-006	1.098590e-005	3.008798e-003	-1.522085e-003	0.000000e+000
6.897917909559914e-006	1.098952e-005	2.764049e-003	-1.394185e-003	0.000000e+000
6.917449159559913e-006	1.099007e-005	2.333283e-003	-1.169078e-003	0.000000e+000
6.936980409559912e-006	1.098596e-005	1.970462e-003	-9.794765e-004	0.000000e+000
6.956511659559911e-006	1.098063e-005	1.664867e-003	-8.197808e-004	0.000000e+000
6.976042909559910e-006	1.097595e-005	1.407474e-003	-6.852738e-004	0.000000e+000
6.979465351051351e-006	1.097524e-005	1.366209e-003	-6.637102e-004	0.000000e+000
6.982887792542793e-006	1.097457e-005	1.326179e-003	-6.427914e-004	0.000000e+000
6.986310234034235e-006	1.097396e-005	1.287383e-003	-6.225175e-004	0.000000e+000
6.989732675525676e-006	1.097339e-005	1.249820e-003	-6.028885e-004	0.000000e+000
6.993155117017117e-006	1.097287e-005	1.213492e-003	-5.839044e-004	0.000000e+000
6.996577558508559e-006	1.097240e-005	1.178398e-003	-5.655651e-004	0.000000e+000
7.000000000000000e-006	1.097198e-005	1.144538e-003	-5.478706e-004	0.000000e+000
7.000270408005560e-006	9.036732e-006	1.140058e-003	7.426134e-004	2.704080e-002
7.000540816011119e-006	1.384723e-005	1.142011e-003	2.028683e-003	5.408160e-002
7.000811224016679e-006	2.540349e-005	1.150398e-003	3.310337e-003	8.112240e-002
7.001081632022238e-006	4.370550e-005	1.165216e-003	4.587576e-003	1.081632e-001
7.001352040027798e-006	6.875326e-005	1.186468e-003	5.860401e-003	1.352040e-001
7.001622448033357e-006	1.005468e-004	1.214153e-003	7.128811e-003	1.622448e-001
7.001892856038917e-006	1.390860e-004	1.248270e-003	8.392806e-003	1.892856e-001
7.002774677554129e-006	3.602171e-004	1.450538e-003	1.245185e-002	2.774678e-001
7.003613522376891e-006	7.285608e-004	1.793627e-003	1.620812e-002	3.613522e-001
7.004513614010386e-006	1.369823e-003	2.396506e-003	2.007252e-002	4.513614e-001
7.005736523793768e-006	2.721196e-003	3.673923e-003	2.498881e-002	5.736524e-001
7.007329591677878e-006	5.120779e-003	5.948274e-003	3.093703e-002	7.329592e-001
7.007828395288513e-006	6.092974e-003	6.871245e-003	3.263419e-002	7.828395e-001
7.008826002509782e-006	8.485384e-003	9.144650e-003	3.567328e-002	8.826002e-001
7.010000000000000e-006	1.163137e-002	1.213518e-002	3.897066e-002	1.000000e+000
7.010352199247065e-006	1.273603e-002	1.318564e-002	3.813909e-002	1.000000e+000
7.010821798243152e-006	1.429889e-002	1.467199e-002	3.694655e-002	1.000000e+000
7.011760996235326e-006	1.773706e-002	1.794242e-002	3.427086e-002	1.000000e+000
7.013639392219674e-006	2.578025e-002	2.559524e-002	2.783641e-002	1.000000e+000
7.017396184188370e-006	4.579399e-002	4.464376e-002	1.134140e-002	1.000000e+000
7.024217571084840e-006	9.139318e-002	8.805683e-002	-2.707415e-002	1.000000e+000
7.032121836549125e-006	1.560212e-001	1.496547e-001	-8.217619e-002	1.000000e+000
7.041887461549124e-006	2.489333e-001	2.386563e-001	-1.618305e-001	1.000000e+000
7.051653086549124e-006	3.506253e-001	3.375941e-001	-2.495892e-001	1.000000e+000
7.061418711549124e-006	4.561038e-001	4.437678e-001	-3.422084e-001	1.000000e+000
7.071184336549123e-006	5.600442e-001	5.547281e-001	-4.368091e-001	1.000000e+000
7.080949961549123e-006	6.579145e-001	6.686990e-001	-5.313431e-001	1.000000e+000
7.090715586549122e-006	7.462441e-001	7.842724e-001	-6.243530e-001	1.000000e+000
7.100481211549122e-006	8.227675e-001	9.002559e-001	-7.148086e-001	1.000000e+000
7.110246836549122e-006	8.864080e-001	1.015619e+000	-8.019942e-001	1.000000e+000
7.120012461549121e-006	9.371276e-001	1.129469e+000	-8.854283e-001	1.000000e+000
7.129778086549121e-006	9.756940e-001	1.241043e+000	-9.648061e-001	1.000000e+000
7.139543711549120e-006	1.003422e+000	1.349696e+000	-1.039957e+000	1.000000e+000
7.149309336549120e-006	1.021929e+000	1.454896e+000	-1.110814e+000	1.000000e+000
7.159074961549120e-006	1.032940e+000	1.556218e+000	-1.177388e+000	1.000000e+000
7.168840586549119e-006	1.038130e+000	1.653334e+000	-1.239746e+000	1.000000e+000
7.178606211549119e-006	1.039032e+000	1.746010e+000	-1.298003e+000	1.000000e+000
7.188371836549118e-006	1.036973e+000	1.834092e+000	-1.352304e+000	1.000000e+000
7.198137461549118e-006	1.033054e+000	1.917500e+000	-1.402817e+000	1.000000e+000
7.207903086549118e-006	1.028144e+000	1.996217e+000	-1.449723e+000	1.000000e+000
7.217668711549117e-006	1.022901e+000	2.070281e+000	-1.493213e+000	1.000000e+000
7.227434336549117e-006	1.017791e+000	2.139775e+000	-1.533483e+000	1.000000e+000
7.237199961549116e-006	1.013119e+000	2.204818e+000	-1.570727e+000	1.000000e+000
7.246965586549116e-006	1.009062e+000	2.265559e+000	-1.605137e+000	1.000000e+000
7.256731211549116e-006	1.005700e+000	2.322167e+000	-1.636900e+000	1.000000e+000
7.266496836549115e-006	1.003036e+000	2.374828e+000	-1.666198e+000	1.000000e+000
7.276262461549115e-006	1.001026e+000	2.423739e+000	-1.693203e+000	1.000000e+000
7.286028086549114e-006	9.995961e-001	2.469100e+000	-1.718080e+000	1.000000e+000
7.295793711549114e-006	9.986557e-001	2.511116e+000	-1.740984e+000	1.000000e+000
7.305559336549114e-006	9.981105e-001	2.549989e+000	-1.762063e+000	1.000000e+000
7.315324961549113e-006	9.978697e-001	2.585918e+000	-1.781455e+000	1.000000e+000
7.325090586549113e-006	9.978511e-001	2.619097e+000	-1.799289e+000	1.000000e+000
7.334856211549112e-006	9.979841e-001	2.649712e+000	-1.815684e+000	1.000000e+000
7.344621836549112e-006	9.982103e-001	2.677943e+000	-1.830755e+000	1.000000e+000
7.354387461549112e-006	9.984841e-001	2.703959e+000	-1.844603e+000	1.000000e+000
7.364153086549111e-006	9.987714e-001	2.727921e+000	-1.857327e+000	1.000000e+000
7.373918711549111e-006	9.990482e-001	2.749982e+000	-1.869016e+000	1.000000e+000
7.383684336549110e-006	9.992989e-001	2.770285e+000	-1.879752e+000	1.000000e+000
7.393449961549110e-006	9.995148e-001	2.788963e+000	-1.889611e+000	1.000000e+000
7.403215586549110e-006	9.996926e-001	2.806140e+000	-1.898666e+000	1.000000e+000
7.412981211549109e-006	9.998323e-001	2.821935e+000	-1.906980e+000	1.000000e+000
7.422746836549109e-006	9.999367e-001	2.836454e+000	-1.914613e+000	1.000000e+000
7.432512461549108e-006	1.000010e+000	2.849798e+000	-1.921621e+000	1.000000e+000
7.442278086549108e-006	1.000058e+000	2.862060e+000	-1.928055e+000	1.000000e+000
7.452043711549108e-006	1.000085e+000	2.873327e+000	-1.933962e+000	1.000000e+000
7.461809336549107e-006	1.000095e+000	2.883677e+000	-1.939383e+000	1.000000e+000
7.471574961549107e-006	1.000095e+000	2.893184e+000	-1.944360e+000	1.000000e+000
7.481340586549106e-006	1.000087e+000	2.901917e+000	-1.948928e+000	1.000000e+000
7.491106211549106e-006	1.000074e+000	2.909937e+000	-1.953121e+000	1.000000e+000
7.500871836549106e-006	1.000058e+000	2.917303e+000	-1.956970e+000	1.000000e+000
7.510637461549105e-006	1.000043e+000	2.924067e+000	-1.960503e+000	1.000000e+000
7.520403086549105e-006	1.000028e+000	2.930278e+000	-1.963745e+000	1.000000e+000
7.530168711549104e-006	1.000014e+000	2.935982e+000	-1.966721e+000	1.000000e+000
7.539934336549104e-006	1.000003e+000	2.941218e+000	-1.969452e+000	1.000000e+000
7.549699961549104e-006	9.999933e-001	2.946027e+000	-1.971959e+000	1.000000e+000
7.559465586549103e-006	9.999861e-001	2.950441e+000	-1.974260e+000	1.000000e+000
7.578996836549102e-006	9.999769e-001	2.958216e+000	-1.978309e+000	1.000000e+000
7.598528086549102e-006	9.999732e-001	2.964770e+000	-1.981720e+000	1.000000e+000
7.618059336549101e-006	9.999728e-001	2.970293e+000	-1.984593e+000	1.000000e+000
7.637590586549100e-006	9.999740e-001	2.974949e+000	-1.987013e+000	1.000000e+000
7.657121836549099e-006	9.999757e-001	2.978873e+000	-1.989052e+000	1.000000e+000
7.676653086549098e-006	9.999772e-001	2.982180e+000	-1.990768e+000	1.000000e+000
7.696184336549098e-006	9.999784e-001	2.984967e+000	-1.992215e+000	1.000000e+000
7.715715586549097e-006	9.999790e-001	2.987316e+000	-1.993433e+000	1.000000e+000
7.745012461549096e-006	9.999794e-001	2.990165e+000	-1.994909e+000	1.000000e+000
7.774309336549094e-006	9.999794e-001	2.992370e+000	-1.996050e+000	1.000000e+000
7.803606211549093e-006	9.999793e-001	2.994076e+000	-1.996933e+000	1.000000e+000
7.832903086549092e-006	9.999791e-001	2.995396e+000	-1.997615e+000	1.000000e+000
7.857768541266470e-006	9.999791e-001	2.996216e+000	-1.998038e+000	1.000000e+000
7.882633995983845e-006	9.999791e-001	2.996931e+000	-1.998407e+000	1.000000e+000
7.907499450701223e-006	9.999791e-001	2.997540e+000	-1.998721e+000	1.000000e+000
7.932364905418598e-006	9.999791e-001	2.998045e+000	-1.998981e+000	1.000000e+000
7.957230360135976e-006	9.999791e-001	2.998444e+000	-1.999187e+000	1.000000e+000
7.982095814853351e-006	9.999791e-001	2.998738e+000	-1.999338e+000	1.000000e+000
8.006961269570729e-006	9.999791e-001	2.998927e+000	-1.999435e+000	1.000000e+000
8.010000000000000e-006	9.999791e-001	2.998952e+000	-1.999448e+000	1.000000e+000
8.011428571428571e-006	1.000128e+000	2.999106e+000	-2.006398e+000	8.571429e-001
8.012857142857143e-006	9.996752e-001	2.998687e+000	-2.012912e+000	7.142857e-001
8.014285714285715e-006	9.986212e-001	2.997693e+000	-2.018988e+000	5.714286e-001
8.015714285714285e-006	9.969659e-001	2.996125e+000	-2.024628e+000	4.285714e-001
8.017142857142856e-006	9.947093e-001	2.993984e+000	-2.029830e+000	2.857143e-001
8.018571428571428e-006	9.918513e-001	2.991269e+000	-2.034596e+000	1.428571e-001
8.019999999999999e-006	9.883920e-001	2.987980e+000	-2.038925e+000	3.075318e-014
8.023409568555794e-006	9.739841e-001	2.974275e+000	-2.027352e+000	1.260214e-014
8.026819137111588e-006	9.567416e-001	2.957862e+000	-2.013198e+000	-9.629824e-016
8.030228705667382e-006	9.366643e-001	2.938742e+000	-1.996465e+000	-9.942201e-015
8.033638274223176e-006	9.137525e-001	2.916915e+000	-1.977152e+000	-1.433551e-014
8.037047842778970e-006	8.880059e-001	2.892380e+000	-1.955259e+000	-1.414292e-014
8.040457411334764e-006	8.594247e-001	2.865137e+000	-1.930787e+000	-9.364412e-015
8.043866979890558e-006	8.280089e-001	2.835187e+000	-1.903735e+000	0.000000e+000
8.053632604890557e-006	7.337531e-001	2.744773e+000	-1.822729e+000	0.000000e+000
8.082929479890556e-006	4.218926e-001	2.425368e+000	-1.545375e+000	0.000000e+000
8.092695104890556e-006	3.253774e-001	2.310935e+000	-1.450861e+000	0.000000e+000
8.102460729890555e-006	2.389100e-001	2.195112e+000	-1.358107e+000	0.000000e+000
8.112226354890555e-006	1.645485e-001	2.079063e+000	-1.268082e+000	0.000000e+000
8.121991979890555e-006	1.031766e-001	1.963795e+000	-1.181452e+000	0.000000e+000
8.131757604890554e-006	5.467245e-002	1.850178e+000	-1.098663e+000	0.000000e+000
8.141523229890554e-006	1.815048e-002	1.738958e+000	-1.019991e+000	0.000000e+000
8.151288854890553e-006	-7.779245e-003	1.630761e+000	-9.455833e-001	0.000000e+000
8.161054479890553e-006	-2.477350e-002	1.526101e+000	-8.754901e-001	0.000000e+000
8.170820104890553e-006	-3.456319e-002	1.425390e+000	-8.096867e-001	0.000000e+000
8.180585729890552e-006	-3.881219e-002	1.328938e+000	-7.480925e-001	0.000000e+000
8.190351354890552e-006	-3.902498e-002	1.236966e+000	-6.905858e-001	0.000000e+000
8.200116979890551e-006	-3.649490e-002	1.149617e+000	-6.370145e-001	0.000000e+000
8.209882604890551e-006	-3.228397e-002	1.066958e+000	-5.872064e-001	0.000000e+000
8.219648229890551e-006	-2.722515e-002	9.889977e-001	-5.409755e-001	0.000000e+000
8.229413854890550e-006	-2.193960e-002	9.156886e-001	-4.981285e-001	0.000000e+000
8.239179479890550e-006	-1.686279e-002	8.469414e-001	-4.584694e-001	0.000000e+000
8.248945104890549e-006	-1.227486e-002	7.826308e-001	-4.218025e-001	0.000000e+000
8.258710729890549e-006	-8.331724e-003	7.226039e-001	-3.879356e-001	0.000000e+000
8.268476354890549e-006	-5.094629e-003	6.666871e-001	-3.566819e-001	0.000000e+000
8.278241979890548e-006	-2.556611e-003	6.146917e-001	-3.278615e-001	0.000000e+000
8.288007604890548e-006	-6.650639e-004	5.664201e-001	-3.013025e-001	0.000000e+000
8.297773229890547e-006	6.598707e-004	5.216690e-001	-2.768412e-001	0.000000e+000
8.307538854890547e-006	1.511003e-003	4.802343e-001	-2.543231e-001	0.000000e+000
8.317304479890547e-006	1.983537e-003	4.419129e-001	-2.336028e-001	0.000000e+000
8.327070104890546e-006	2.167773e-003	4.065061e-001	-2.145438e-001	0.000000e+000
8.336835729890546e-006	2.144506e-003	3.738206e-001	-1.970185e-001	0.000000e+000
8.346601354890545e-006	1.982571e-003	3.436705e-001	-1.809079e-001	0.000000e+000
8.356366979890545e-006	1.737998e-003	3.158779e-001	-1.661015e-001	0.000000e+000
8.366132604890545e-006	1.454326e-003	2.902735e-001	-1.524964e-001	0.000000e+000
8.375898229890544e-006	1.163665e-003	2.666972e-001	-1.399974e-001	0.000000e+000
8.385663854890544e-006	8.881972e-004	2.449982e-001	-1.285162e-001	0.000000e+000
8.395429479890543e-006	6.418774e-004	2.250347e-001	-1.179714e-001	0.000000e+000
8.405195104890543e-006	4.321403e-004	2.066742e-001	-1.082877e-001	0.000000e+000
8.414960729890543e-006	2.615046e-004	1.897930e-001	-9.939566e-002	0.000000e+000
8.424726354890542e-006	1.289932e-004	1.742759e-001	-9.123114e-002	0.000000e+000
8.434491979890542e-006	3.133313e-005	1.600158e-001	-8.373519e-002	0.000000e+000
8.444257604890541e-006	-3.607641e-005	1.469134e-001	-7.685346e-002	0.000000e+000
8.454023229890541e-006	-7.841834e-005	1.348767e-001	-7.053595e-002	0.000000e+000
8.463788854890541e-006	-1.009140e-004	1.238205e-001	-6.473665e-002	0.000000e+000
8.473554479890540e-006	-1.084528e-004	1.136663e-001	-5.941324e-002	0.000000e+000
8.483320104890540e-006	-1.053647e-004	1.043414e-001	-5.452683e-002	0.000000e+000
8.493085729890539e-006	-9.530497e-005	9.577896e-002	-5.004166e-002	0.000000e+000
8.502851354890539e-006	-8.122207e-005	8.791712e-002	-4.592488e-002	0.000000e+000
8.512616979890539e-006	-6.538475e-005	8.069909e-002	-4.214630e-002	0.000000e+000
8.522382604890538e-006	-4.944684e-005	7.407251e-002	-3.867819e-002	0.000000e+000
8.532148229890538e-006	-3.453314e-005	6.798923e-002	-3.549509e-002	0.000000e+000
8.541913854890537e-006	-2.133378e-005	6.240493e-002	-3.257362e-002	0.000000e+000
8.551679479890537e-006	-1.019778e-005	5.727886e-002	-2.989228e-002	0.000000e+000
8.561445104890537e-006	-1.219668e-006	5.257356e-002	-2.743137e-002	0.000000e+000
8.571210729890536e-006	5.684550e-006	4.825461e-002	-2.517278e-002	0.000000e+000
8.580976354890536e-006	1.071376e-005	4.429037e-002	-2.309989e-002	0.000000e+000
8.590741979890535e-006	1.413090e-005	4.065178e-002	-2.119744e-002	0.000000e+000
8.600507604890535e-006	1.622418e-005	3.731214e-002	-1.945143e-002	0.000000e+000
8.610273229890535e-006	1.727913e-005	3.424694e-002	-1.784899e-002	0.000000e+000
8.620038854890534e-006	1.755991e-005	3.143364e-002	-1.637832e-002	0.000000e+000
8.629804479890534e-006	1.729816e-005	2.885158e-002	-1.502859e-002	0.000000e+000
8.639570104890533e-006	1.668761e-005	2.648177e-002	-1.378986e-002	0.000000e+000
8.649335729890533e-006	1.588312e-005	2.430678e-002	-1.265300e-002	0.000000e+000
8.659101354890533e-006	1.500268e-005	2.231060e-002	-1.160964e-002	0.000000e+000
8.668866979890532e-006	1.413123e-005	2.047855e-002	-1.065209e-002	0.000000e+000
8.678632604890532e-006	1.332557e-005	1.879713e-002	-9.773288e-003	0.000000e+000
8.688398229890531e-006	1.261960e-005	1.725397e-002	-8.966762e-003	0.000000e+000
8.698163854890531e-006	1.202939e-005	1.583770e-002	-8.226567e-003	0.000000e+000
8.707929479890531e-006	1.155788e-005	1.453790e-002	-7.547249e-003	0.000000e+000
8.717695104890530e-006	1.119892e-005	1.334498e-002	-6.923802e-003	0.000000e+000
8.727460729890530e-006	1.094063e-005	1.225016e-002	-6.351630e-003	0.000000e+000
8.737226354890529e-006	1.076810e-005	1.124538e-002	-5.826517e-003	0.000000e+000
8.746991979890529e-006	1.066535e-005	1.032323e-002	-5.344592e-003	0.000000e+000
8.756757604890529e-006	1.061682e-005	9.476912e-003	-4.902304e-003	0.000000e+000
8.766523229890528e-006	1.060827e-005	8.700200e-003	-4.496392e-003	0.000000e+000
8.776288854890528e-006	1.062732e-005	7.987366e-003	-4.123865e-003	0.000000e+000
8.786054479890527e-006	1.066372e-005	7.333158e-003	-3.781977e-003	0.000000e+000
8.795820104890527e-006	1.070936e-005	6.732753e-003	-3.468208e-003	0.000000e+000
8.805585729890527e-006	1.075812e-005	6.181727e-003	-3.180245e-003	0.000000e+000
8.815351354890526e-006	1.080564e-005	5.676020e-003	-2.915967e-003	0.000000e+000
8.825116979890526e-006	1.084907e-005	5.211905e-003	-2.673425e-003	0.000000e+000
8.834882604890525e-006	1.088676e-005	4.785960e-003	-2.450830e-003	0.000000e+000
8.844648229890525e-006	1.091799e-005	4.395047e-003	-2.246544e-003	0.000000e+000
8.854413854890525e-006	1.094270e-005	4.036285e-003	-2.059059e-003	0.000000e+000
8.864179479890524e-006	1.096132e-005	3.707029e-003	-1.886995e-003	0.000000e+000
8.873945104890524e-006	1.097455e-005	3.404853e-003	-1.729082e-003	0.000000e+000
8.883710729890524e-006	1.098323e-005	3.127530e-003	-1.584157e-003	0.000000e+000
8.893476354890523e-006	1.098823e-005	2.873016e-003	-1.451152e-003	0.000000e+000
8.903241979890523e-006	1.099040e-005	2.639434e-003	-1.329086e-003	0.000000e+000
8.922773229890522e-006	1.098924e-005	2.228324e-003	-1.114246e-003	0.000000e+000
8.942304479890521e-006	1.098452e-005	1.882057e-003	-9.332935e-004	0.000000e+000
8.961835729890520e-006	1.097925e-005	1.590407e-003	-7.808823e-004	0.000000e+000
8.981366979890520e-006	1.097490e-005	1.344758e-003	-6.525107e-004	0.000000e+000
8.992557893353500e-006	1.097314e-005	1.223036e-003	-5.889012e-004	0.000000e+000
9.003748806816478e-006	1.097171e-005	1.110807e-003	-5.302524e-004	0.000000e+000
9.014939720279458e-006	1.097061e-005	1.008070e-003	-4.765642e-004	0.000000e+000
9.026130633742438e-006	1.096985e-005	9.148258e-004	-4.278367e-004	0.000000e+000
9.037321547205418e-006	1.096942e-005	8.310742e-004	-3.840698e-004	0.000000e+000
9.048512460668397e-006	1.096933e-005	7.568152e-004	-3.452635e-004	0.000000e+000
9.059703374131377e-006	1.096957e-005	6.920488e-004	-3.114179e-004	0.000000e+000
9.089000249131376e-006	1.096992e-005	5.424409e-004	-2.332358e-004	0.000000e+000
9.118297124131375e-006	1.097033e-005	4.267945e-004	-1.728013e-004	0.000000e+000
9.147593999131373e-006	1.097059e-005	3.374001e-004	-1.260857e-004	0.000000e+000
9.176890874131372e-006	1.097070e-005	2.682985e-004	-8.997464e-005	0.000000e+000
9.200607391988514e-006	1.097069e-005	2.269471e-004	-6.836527e-005	0.000000e+000
9.224323909845657e-006	1.097068e-005	1.907791e-004	-4.946464e-005	0.000000e+000
9.248040427702798e-006	1.097068e-005	1.597945e-004	-3.327274e-005	0.000000e+000
9.271756945559940e-006	1.097067e-005	1.339933e-004	-1.978959e-005	0.000000e+000
9.295473463417081e-006	1.097066e-005	1.133756e-004	-9.015170e-006	0.000000e+000
9.319189981274224e-006	1.097065e-005	9.794118e-005	-9.494890e-007	0.000000e+000
9.342906499131365e-006	1.097065e-005	8.769020e-005	4.407455e-006	0.000000e+000
9.388944445559935e-006	1.097065e-005	7.248272e-005	1.235456e-005	0.000000e+000
9.434982391988504e-006	1.097065e-005	5.989307e-005	1.893365e-005	0.000000e+000
9.481020338417073e-006	1.097065e-005	4.992125e-005	2.414471e-005	0.000000e+000
9.527058284845644e-006	1.097065e-005	4.256726e-005	2.798775e-005	0.000000e+000
9.573096231274214e-006	1.097065e-005	3.783111e-005	3.046277e-005	0.000000e+000
9.619134177702783e-006	1.097065e-005	3.571278e-005	3.156976e-005	0.000000e+000
9.665172124131352e-006	1.097065e-005	3.621228e-005	3.130873e-005	0.000000e+000
9.997203374131339e-006	1.097065e-005	3.316552e-005	3.290090e-005	0.000000e+000
1.000000000000000e-005	1.097065e-005	3.316121e-005	3.290315e-005	0.000000e+000
