time	V(vin)	V(vout)
0.000000000000000e+000	-1.000000e+001	8.454711e+000
9.788496650861429e-007	-9.960846e+000	8.455753e+000
1.957699330172286e-006	-9.921692e+000	8.456924e+000
2.936548995258429e-006	-9.882538e+000	8.458225e+000
3.915398660344572e-006	-9.843384e+000	8.459654e+000
4.894248325430715e-006	-9.804230e+000	8.461214e+000
5.873097990516857e-006	-9.765076e+000	8.462902e+000
6.851947655602998e-006	-9.725923e+000	8.464720e+000
1.079109855346124e-005	-9.568357e+000	8.469791e+000
1.665047355346124e-005	-9.333982e+000	8.475036e+000
2.165015038757859e-005	-9.133994e+000	8.477240e+000
2.678824821014271e-005	-8.928470e+000	8.477760e+000
3.216185233577145e-005	-8.713526e+000	8.477765e+000
3.010068848605634e-004	2.040275e+000	8.474315e+000
3.034912415156139e-004	2.139650e+000	8.485594e+000
3.059755981706644e-004	2.239024e+000	8.488832e+000
3.084599548257149e-004	2.338398e+000	8.484029e+000
3.109443114807654e-004	2.437772e+000	8.471186e+000
3.134286681358159e-004	2.537147e+000	8.450303e+000
3.159130247908664e-004	2.636521e+000	8.421379e+000
3.183973814459170e-004	2.735895e+000	8.384414e+000
3.187231788157093e-004	2.748927e+000	8.333123e+000
3.188157419149195e-004	2.752630e+000	8.230193e+000
3.188748643750048e-004	2.754995e+000	8.073875e+000
3.189327905608825e-004	2.757312e+000	7.823879e+000
3.190486429326377e-004	2.761946e+000	7.082679e+000
3.191029112632910e-004	2.764117e+000	6.603758e+000
3.191502524945081e-004	2.766010e+000	6.076009e+000
3.192719859779967e-004	2.770880e+000	4.553773e+000
3.195293316231238e-004	2.781173e+000	1.254838e+000
3.197844885786807e-004	2.791379e+000	-1.989369e+000
3.202948024897943e-004	2.811792e+000	-7.853311e+000
3.203972330758202e-004	2.815889e+000	-8.398378e+000
3.216540607277309e-004	2.866162e+000	-8.462079e+000
3.232528314525357e-004	2.930113e+000	-8.468750e+000
3.248516021773405e-004	2.994064e+000	-8.473909e+000
3.264503729021453e-004	3.058015e+000	-8.477553e+000
3.280491436269501e-004	3.121966e+000	-8.479685e+000
3.296479143517549e-004	3.185917e+000	-8.480303e+000
3.312466850765597e-004	3.249867e+000	-8.479408e+000
3.328454558013645e-004	3.313818e+000	-8.477000e+000
5.001677740793296e-004	9.993289e+000	-8.477007e+000
8.018841014943968e-004	-2.075364e+000	-8.474445e+000
8.042290621994631e-004	-2.169162e+000	-8.480307e+000
8.065740229045294e-004	-2.262961e+000	-8.480220e+000
8.089189836095957e-004	-2.356759e+000	-8.474184e+000
8.112639443146621e-004	-2.450558e+000	-8.462199e+000
8.136089050197284e-004	-2.544356e+000	-8.444266e+000
8.159538657247947e-004	-2.638155e+000	-8.420384e+000
8.182988264298610e-004	-2.731953e+000	-8.390553e+000
8.183662496872060e-004	-2.734650e+000	-8.394602e+000
8.184336729445509e-004	-2.737347e+000	-8.392812e+000
8.185010962018959e-004	-2.740044e+000	-8.385183e+000
8.185685194592409e-004	-2.742741e+000	-8.371715e+000
8.186359427165859e-004	-2.745438e+000	-8.352409e+000
8.187033659739308e-004	-2.748135e+000	-8.327263e+000
8.187707892312757e-004	-2.750832e+000	-8.296279e+000
8.188137605600170e-004	-2.752550e+000	-8.227677e+000
8.188723896078479e-004	-2.754895e+000	-8.069186e+000
8.189298896966180e-004	-2.757195e+000	-7.815568e+000
8.190448898741581e-004	-2.761796e+000	-7.062853e+000
8.190987008116390e-004	-2.763948e+000	-6.576730e+000
8.191454716434965e-004	-2.765819e+000	-6.042978e+000
8.192659208158626e-004	-2.770637e+000	-4.502583e+000
8.195200811985721e-004	-2.780803e+000	-1.183914e+000
8.197720386192862e-004	-2.790881e+000	2.052687e+000
8.202759534607146e-004	-2.811038e+000	8.278241e+000
8.202917007995092e-004	-2.811668e+000	8.378156e+000
8.205431687071550e-004	-2.821727e+000	8.412775e+000
8.207946366148007e-004	-2.831785e+000	8.440066e+000
8.210461045224466e-004	-2.841844e+000	8.460028e+000
8.212975724300923e-004	-2.851903e+000	8.472661e+000
8.215490403377381e-004	-2.861962e+000	8.477965e+000
8.218005082453839e-004	-2.872020e+000	8.475940e+000
8.220519761530297e-004	-2.882079e+000	8.466587e+000
8.247553111566983e-004	-2.990212e+000	8.471862e+000
8.274586461603669e-004	-3.098346e+000	8.475881e+000
8.301619811640355e-004	-3.206479e+000	8.478642e+000
8.328653161677041e-004	-3.314613e+000	8.480148e+000
8.355686511713728e-004	-3.422746e+000	8.480397e+000
8.382719861750413e-004	-3.530879e+000	8.479389e+000
8.409753211787099e-004	-3.639013e+000	8.477125e+000
8.593904997501385e-004	-4.375620e+000	8.477222e+000
8.778056783215672e-004	-5.112227e+000	8.477316e+000
8.962208568929957e-004	-5.848834e+000	8.477409e+000
9.146360354644243e-004	-6.585441e+000	8.477499e+000
9.330512140358529e-004	-7.322048e+000	8.477588e+000
9.514663926072815e-004	-8.058655e+000	8.477675e+000
9.698815711787100e-004	-8.795262e+000	8.477759e+000
9.757409461787100e-004	-9.029637e+000	8.477732e+000
9.816003211787099e-004	-9.264012e+000	8.477189e+000
9.862252423294133e-004	-9.449010e+000	8.475316e+000
9.912120042074098e-004	-9.648480e+000	8.471190e+000
9.924674324634942e-004	-9.698697e+000	8.469899e+000
9.937228607195783e-004	-9.748914e+000	8.468416e+000
9.949782889756627e-004	-9.799131e+000	8.466741e+000
9.962337172317471e-004	-9.849348e+000	8.464875e+000
9.974891454878315e-004	-9.899565e+000	8.462817e+000
9.987445737439156e-004	-9.949783e+000	8.460568e+000
1.000000002000000e-003	-1.000000e+001	8.458127e+000
1.001053677762123e-003	-9.957853e+000	8.458064e+000
1.002107353524247e-003	-9.915706e+000	8.458377e+000
1.003161029286370e-003	-9.873559e+000	8.459066e+000
1.004214705048493e-003	-9.831412e+000	8.460132e+000
1.005268380810616e-003	-9.789265e+000	8.461573e+000
1.006322056572739e-003	-9.747118e+000	8.463391e+000
1.007375732334862e-003	-9.704970e+000	8.465586e+000
1.010692710759199e-003	-9.572291e+000	8.469756e+000
1.016552085759199e-003	-9.337916e+000	8.474986e+000
1.021451462026029e-003	-9.141942e+000	8.477207e+000
1.026511397673195e-003	-8.939544e+000	8.477756e+000
1.032015319848698e-003	-8.719387e+000	8.477766e+000
1.301546569848698e-003	2.061863e+000	8.473709e+000
1.303942844564104e-003	2.157714e+000	8.480198e+000
1.306339119279511e-003	2.253565e+000	8.480493e+000
1.308735393994917e-003	2.349416e+000	8.474594e+000
1.311131668710324e-003	2.445267e+000	8.462500e+000
1.313527943425730e-003	2.541118e+000	8.444212e+000
1.315924218141137e-003	2.636969e+000	8.419729e+000
1.318320492856543e-003	2.732820e+000	8.389051e+000
1.318692494021591e-003	2.747700e+000	8.344375e+000
1.318792492674184e-003	2.751700e+000	8.270590e+000
1.318838495999079e-003	2.753540e+000	8.178156e+000
1.318890556456816e-003	2.755622e+000	8.003527e+000
1.318991878769220e-003	2.759675e+000	7.493370e+000
1.319059320993204e-003	2.762373e+000	7.006563e+000
1.319112358829989e-003	2.764494e+000	6.496745e+000
1.319157338705300e-003	2.766294e+000	5.983144e+000
1.319276445864929e-003	2.771058e+000	4.486951e+000
1.319550916998516e-003	2.782037e+000	9.670851e-001
1.319831986063991e-003	2.793279e+000	-2.404140e+000
1.320394124194941e-003	2.815765e+000	-8.359241e+000
1.320403819213339e-003	2.816153e+000	-8.409026e+000
1.321161745469516e-003	2.846470e+000	-8.436956e+000
1.321919671725692e-003	2.876787e+000	-8.458777e+000
1.322677597981868e-003	2.907104e+000	-8.474490e+000
1.323435524238045e-003	2.937421e+000	-8.484093e+000
1.324193450494221e-003	2.967738e+000	-8.487587e+000
1.324951376750398e-003	2.998055e+000	-8.484973e+000
1.325709303006574e-003	3.028372e+000	-8.476250e+000
1.500167775079332e-003	9.993289e+000	-8.477007e+000
1.801884103241460e-003	-2.075364e+000	-8.474445e+000
1.804229064721678e-003	-2.169163e+000	-8.480307e+000
1.806574026201895e-003	-2.262961e+000	-8.480220e+000
1.808918987682112e-003	-2.356759e+000	-8.474184e+000
1.811263949162329e-003	-2.450558e+000	-8.462199e+000
1.813608910642546e-003	-2.544356e+000	-8.444266e+000
1.815953872122763e-003	-2.638155e+000	-8.420383e+000
1.818298833602980e-003	-2.731953e+000	-8.390553e+000
1.818366256154270e-003	-2.734650e+000	-8.394601e+000
1.818433678705560e-003	-2.737347e+000	-8.392811e+000
1.818501101256850e-003	-2.740044e+000	-8.385182e+000
1.818568523808140e-003	-2.742741e+000	-8.371714e+000
1.818635946359430e-003	-2.745438e+000	-8.352407e+000
1.818703368910720e-003	-2.748135e+000	-8.327262e+000
1.818770791462010e-003	-2.750832e+000	-8.296277e+000
1.818813762839232e-003	-2.752550e+000	-8.227675e+000
1.818872391092269e-003	-2.754895e+000	-8.069184e+000
1.818929892437843e-003	-2.757195e+000	-7.815557e+000
1.819044895128990e-003	-2.761796e+000	-7.062814e+000
1.819098705765075e-003	-2.763948e+000	-6.576685e+000
1.819145476406013e-003	-2.765819e+000	-6.042930e+000
1.819265934447142e-003	-2.770637e+000	-4.502415e+000
1.819520110558353e-003	-2.780804e+000	-1.183541e+000
1.819772095043605e-003	-2.790884e+000	2.053192e+000
1.820276064014108e-003	-2.811043e+000	8.278338e+000
1.820291813044436e-003	-2.811672e+000	8.378231e+000
1.820543298827153e-003	-2.821732e+000	8.412812e+000
1.820794784609870e-003	-2.831791e+000	8.440073e+000
1.821046270392586e-003	-2.841850e+000	8.460015e+000
1.821297756175303e-003	-2.851910e+000	8.472638e+000
1.821549241958020e-003	-2.861969e+000	8.477941e+000
1.821800727740736e-003	-2.872029e+000	8.475925e+000
1.822052213523453e-003	-2.882088e+000	8.466589e+000
1.824755733835340e-003	-2.990229e+000	8.471863e+000
1.827459254147226e-003	-3.098370e+000	8.475880e+000
1.830162774459112e-003	-3.206511e+000	8.478642e+000
1.832866294770999e-003	-3.314652e+000	8.480147e+000
1.835569815082885e-003	-3.422792e+000	8.480396e+000
1.838273335394772e-003	-3.530933e+000	8.479389e+000
1.840976855706658e-003	-3.639074e+000	8.477125e+000
1.859392034278086e-003	-4.375681e+000	8.477222e+000
1.877807212849515e-003	-5.112289e+000	8.477316e+000
1.896222391420943e-003	-5.848896e+000	8.477409e+000
1.914637569992372e-003	-6.585503e+000	8.477499e+000
1.933052748563800e-003	-7.322110e+000	8.477588e+000
1.951467927135229e-003	-8.058717e+000	8.477675e+000
1.969883105706657e-003	-8.795324e+000	8.477759e+000
1.975742480706657e-003	-9.029699e+000	8.477732e+000
1.981601855706657e-003	-9.264074e+000	8.477189e+000
1.986226564988205e-003	-9.449062e+000	8.475315e+000
1.991212999572144e-003	-9.648520e+000	8.471189e+000
1.992468285776124e-003	-9.698731e+000	8.469896e+000
1.993723571980103e-003	-9.748943e+000	8.468412e+000
1.994978858184083e-003	-9.799154e+000	8.466737e+000
1.996234144388063e-003	-9.849366e+000	8.464871e+000
1.997489430592043e-003	-9.899577e+000	8.462814e+000
1.998744716796023e-003	-9.949789e+000	8.460566e+000
2.000000003000002e-003	-1.000000e+001	8.458127e+000
2.001054733283276e-003	-9.957811e+000	8.458065e+000
2.002109463566549e-003	-9.915622e+000	8.458379e+000
2.003164193849823e-003	-9.873432e+000	8.459070e+000
2.004218924133096e-003	-9.831243e+000	8.460137e+000
2.005273654416370e-003	-9.789054e+000	8.461581e+000
2.006328384699643e-003	-9.746865e+000	8.463401e+000
2.007383114982917e-003	-9.704676e+000	8.465597e+000
2.010702441259869e-003	-9.571902e+000	8.469769e+000
2.016561816259869e-003	-9.337527e+000	8.474992e+000
2.021463052748630e-003	-9.141478e+000	8.477210e+000
2.026523281303649e-003	-8.939069e+000	8.477756e+000
2.032015188594435e-003	-8.719393e+000	8.477766e+000
2.301546438594425e-003	2.061857e+000	8.473709e+000
2.303942243240968e-003	2.157690e+000	8.480142e+000
2.306338047887512e-003	2.253522e+000	8.480409e+000
2.308733852534055e-003	2.349354e+000	8.474509e+000
2.311129657180597e-003	2.445186e+000	8.462443e+000
2.313525461827140e-003	2.541018e+000	8.444210e+000
2.315921266473683e-003	2.636850e+000	8.419811e+000
2.318317071120226e-003	2.732683e+000	8.389246e+000
2.318384837552470e-003	2.735393e+000	8.397308e+000
2.318452603984714e-003	2.738104e+000	8.397110e+000
2.318520370416958e-003	2.740815e+000	8.388653e+000
2.318588136849201e-003	2.743525e+000	8.371937e+000
2.318655903281445e-003	2.746236e+000	8.346961e+000
2.318723669713689e-003	2.748947e+000	8.313725e+000
2.318791436145933e-003	2.751657e+000	8.272230e+000
2.318837145555557e-003	2.753486e+000	8.181571e+000
2.318889301596471e-003	2.755572e+000	8.009931e+000
2.318986082461425e-003	2.759443e+000	7.531309e+000
2.319056619607400e-003	2.762265e+000	7.030851e+000
2.319109607517429e-003	2.764384e+000	6.528708e+000
2.319154571288922e-003	2.766183e+000	6.018475e+000
2.319279325771300e-003	2.771173e+000	4.452570e+000
2.319550465946315e-003	2.782018e+000	9.753746e-001
2.319827611735075e-003	2.793104e+000	-2.371460e+000
2.320381903312594e-003	2.815276e+000	-8.353576e+000
2.320391985667242e-003	2.815679e+000	-8.406634e+000
2.321161381338121e-003	2.846455e+000	-8.435793e+000
2.321930777009000e-003	2.877231e+000	-8.458549e+000
2.322700172679880e-003	2.908007e+000	-8.474901e+000
2.323469568350759e-003	2.938783e+000	-8.484851e+000
2.324238964021638e-003	2.969558e+000	-8.488398e+000
2.325008359692518e-003	3.000334e+000	-8.485541e+000
2.325777755363397e-003	3.031110e+000	-8.476282e+000
2.500167776079333e-003	9.993289e+000	-8.477007e+000
2.801884104242795e-003	-2.075364e+000	-8.474445e+000
2.804229065724406e-003	-2.169163e+000	-8.480307e+000
2.806574027206017e-003	-2.262961e+000	-8.480220e+000
2.808918988687628e-003	-2.356759e+000	-8.474184e+000
2.811263950169239e-003	-2.450558e+000	-8.462199e+000
2.813608911650850e-003	-2.544356e+000	-8.444266e+000
2.815953873132461e-003	-2.638155e+000	-8.420383e+000
2.818298834614072e-003	-2.731953e+000	-8.390553e+000
2.818366257164094e-003	-2.734650e+000	-8.394601e+000
2.818433679714116e-003	-2.737347e+000	-8.392811e+000
2.818501102264138e-003	-2.740044e+000	-8.385182e+000
2.818568524814160e-003	-2.742741e+000	-8.371714e+000
2.818635947364182e-003	-2.745438e+000	-8.352407e+000
2.818703369914204e-003	-2.748135e+000	-8.327262e+000
2.818770792464226e-003	-2.750832e+000	-8.296277e+000
2.818813763841535e-003	-2.752550e+000	-8.227675e+000
2.818872392093143e-003	-2.754895e+000	-8.069184e+000
2.818929893440977e-003	-2.757195e+000	-7.815557e+000
2.819044896136644e-003	-2.761796e+000	-7.062814e+000
2.819098706772187e-003	-2.763948e+000	-6.576685e+000
2.819145477412782e-003	-2.765819e+000	-6.042930e+000
2.819265935469866e-003	-2.770637e+000	-4.502415e+000
2.819520111609373e-003	-2.780804e+000	-1.183541e+000
2.819772096143310e-003	-2.790884e+000	2.053193e+000
2.820276065211185e-003	-2.811043e+000	8.278338e+000
2.820291814244557e-003	-2.811672e+000	8.378232e+000
2.820543300059427e-003	-2.821732e+000	8.412812e+000
2.820794785874298e-003	-2.831791e+000	8.440073e+000
2.821046271689168e-003	-2.841850e+000	8.460015e+000
2.821297757504039e-003	-2.851910e+000	8.472638e+000
2.821549243318909e-003	-2.861969e+000	8.477941e+000
2.821800729133780e-003	-2.872029e+000	8.475924e+000
2.822052214948650e-003	-2.882088e+000	8.466589e+000
2.824755735593904e-003	-2.990229e+000	8.471863e+000
2.827459256239158e-003	-3.098370e+000	8.475880e+000
2.830162776884413e-003	-3.206511e+000	8.478642e+000
2.832866297529667e-003	-3.314652e+000	8.480147e+000
2.835569818174921e-003	-3.422793e+000	8.480396e+000
2.838273338820175e-003	-3.530933e+000	8.479389e+000
2.840976859465429e-003	-3.639074e+000	8.477125e+000
2.859392038036857e-003	-4.375681e+000	8.477222e+000
2.877807216608285e-003	-5.112289e+000	8.477316e+000
2.896222395179713e-003	-5.848896e+000	8.477409e+000
2.914637573751141e-003	-6.585503e+000	8.477499e+000
2.933052752322568e-003	-7.322110e+000	8.477588e+000
2.951467930893996e-003	-8.058717e+000	8.477675e+000
2.969883109465424e-003	-8.795324e+000	8.477759e+000
2.975742484465424e-003	-9.029699e+000	8.477732e+000
2.981601859465424e-003	-9.264074e+000	8.477189e+000
2.986226568366509e-003	-9.449062e+000	8.475315e+000
2.991213002362182e-003	-9.648520e+000	8.471189e+000
2.992468288310442e-003	-9.698731e+000	8.469896e+000
2.993723574258702e-003	-9.748943e+000	8.468412e+000
2.994978860206963e-003	-9.799154e+000	8.466737e+000
2.996234146155223e-003	-9.849366e+000	8.464871e+000
2.997489432103484e-003	-9.899577e+000	8.462814e+000
2.998744718051744e-003	-9.949789e+000	8.460566e+000
3.000000004000004e-003	-1.000000e+001	8.458127e+000
3.001054706084640e-003	-9.957812e+000	8.458065e+000
3.002109408169276e-003	-9.915624e+000	8.458379e+000
3.003164110253913e-003	-9.873436e+000	8.459070e+000
3.004218812338549e-003	-9.831248e+000	8.460137e+000
3.005273514423186e-003	-9.789060e+000	8.461581e+000
3.006328216507822e-003	-9.746871e+000	8.463401e+000
3.007382918592458e-003	-9.704683e+000	8.465597e+000
3.010702182092448e-003	-9.571913e+000	8.469768e+000
3.016561557092448e-003	-9.337538e+000	8.474992e+000
3.021462743344348e-003	-9.141490e+000	8.477210e+000
3.026522963590407e-003	-8.939081e+000	8.477756e+000
3.032015190571640e-003	-8.719393e+000	8.477766e+000
3.301546440571631e-003	2.061857e+000	8.473709e+000
3.303942257168964e-003	2.157690e+000	8.480144e+000
3.306338073766298e-003	2.253523e+000	8.480411e+000
3.308733890363632e-003	2.349356e+000	8.474511e+000
3.311129706960966e-003	2.445188e+000	8.462444e+000
3.313525523558300e-003	2.541021e+000	8.444211e+000
3.315921340155633e-003	2.636853e+000	8.419809e+000
3.318317156752967e-003	2.732686e+000	8.389241e+000
3.318384914786787e-003	2.735396e+000	8.397309e+000
3.318452672820608e-003	2.738107e+000	8.397113e+000
3.318520430854428e-003	2.740817e+000	8.388655e+000
3.318588188888249e-003	2.743527e+000	8.371933e+000
3.318655946922069e-003	2.746238e+000	8.346948e+000
3.318723704955890e-003	2.748948e+000	8.313701e+000
3.318791462989710e-003	2.751658e+000	8.272190e+000
3.318837179346364e-003	2.753487e+000	8.181489e+000
3.318889332694135e-003	2.755573e+000	8.009780e+000
3.318986218483146e-003	2.759449e+000	7.530505e+000
3.319056607448099e-003	2.762264e+000	7.030978e+000
3.319109629510560e-003	2.764385e+000	6.528428e+000
3.319154588926416e-003	2.766183e+000	6.018231e+000
3.319279318075687e-003	2.771173e+000	4.452632e+000
3.319550489745406e-003	2.782019e+000	9.750307e-001
3.319827681683455e-003	2.793107e+000	-2.372051e+000
3.320382065559552e-003	2.815282e+000	-8.353657e+000
3.320392142149745e-003	2.815686e+000	-8.406668e+000
3.321161362884399e-003	2.846454e+000	-8.435809e+000
3.321930583619054e-003	2.877223e+000	-8.458551e+000
3.322699804353708e-003	2.907992e+000	-8.474895e+000
3.323469025088363e-003	2.938761e+000	-8.484840e+000
3.324238245823017e-003	2.969530e+000	-8.488386e+000
3.325007466557672e-003	3.000299e+000	-8.485533e+000
3.325776687292326e-003	3.031067e+000	-8.476282e+000
3.500000010040006e-003	1.000000e+001	-8.477007e+000
3.801884105242809e-003	-2.075364e+000	-8.474445e+000
3.804229066724434e-003	-2.169163e+000	-8.480307e+000
3.806574028206059e-003	-2.262961e+000	-8.480220e+000
3.808918989687684e-003	-2.356759e+000	-8.474184e+000
3.811263951169309e-003	-2.450558e+000	-8.462199e+000
3.813608912650934e-003	-2.544356e+000	-8.444266e+000
3.815953874132559e-003	-2.638155e+000	-8.420383e+000
3.818298835614185e-003	-2.731953e+000	-8.390553e+000
3.818366258164195e-003	-2.734650e+000	-8.394601e+000
3.818433680714206e-003	-2.737347e+000	-8.392811e+000
3.818501103264217e-003	-2.740044e+000	-8.385182e+000
3.818568525814228e-003	-2.742741e+000	-8.371714e+000
3.818635948364239e-003	-2.745438e+000	-8.352407e+000
3.818703370914250e-003	-2.748135e+000	-8.327262e+000
3.818770793464261e-003	-2.750832e+000	-8.296277e+000
3.818813764841571e-003	-2.752550e+000	-8.227675e+000
3.818872393093158e-003	-2.754895e+000	-8.069184e+000
3.818929894441025e-003	-2.757195e+000	-7.815557e+000
3.819044897136759e-003	-2.761796e+000	-7.062814e+000
3.819098707772294e-003	-2.763948e+000	-6.576685e+000
3.819145478412884e-003	-2.765819e+000	-6.042930e+000
3.819265936470202e-003	-2.770637e+000	-4.502415e+000
3.819520112610124e-003	-2.780804e+000	-1.183541e+000
3.819772097144775e-003	-2.790884e+000	2.053193e+000
3.820276066214079e-003	-2.811043e+000	8.278338e+000
3.820291815247495e-003	-2.811672e+000	8.378232e+000
3.820543301062837e-003	-2.821732e+000	8.412812e+000
3.820794786878179e-003	-2.831791e+000	8.440073e+000
3.821046272693521e-003	-2.841850e+000	8.460015e+000
3.821297758508863e-003	-2.851910e+000	8.472638e+000
3.821549244324205e-003	-2.861969e+000	8.477941e+000
3.821800730139547e-003	-2.872029e+000	8.475924e+000
3.822052215954889e-003	-2.882088e+000	8.466589e+000
3.824755736605033e-003	-2.990229e+000	8.471863e+000
3.827459257255177e-003	-3.098370e+000	8.475880e+000
3.830162777905321e-003	-3.206511e+000	8.478642e+000
3.832866298555465e-003	-3.314652e+000	8.480147e+000
3.835569819205609e-003	-3.422793e+000	8.480396e+000
3.838273339855753e-003	-3.530933e+000	8.479389e+000
3.840976860505897e-003	-3.639074e+000	8.477125e+000
3.859392039077325e-003	-4.375681e+000	8.477222e+000
3.877807217648754e-003	-5.112289e+000	8.477316e+000
3.896222396220183e-003	-5.848896e+000	8.477409e+000
3.914637574791611e-003	-6.585503e+000	8.477499e+000
3.933052753363040e-003	-7.322110e+000	8.477588e+000
3.951467931934468e-003	-8.058717e+000	8.477675e+000
3.969883110505897e-003	-8.795324e+000	8.477759e+000
3.975742485505897e-003	-9.029699e+000	8.477732e+000
3.981601860505897e-003	-9.264074e+000	8.477189e+000
3.986226569401402e-003	-9.449062e+000	8.475315e+000
3.991213003388446e-003	-9.648520e+000	8.471189e+000
3.992468289332955e-003	-9.698731e+000	8.469896e+000
3.993723575277463e-003	-9.748943e+000	8.468412e+000
3.994978861221972e-003	-9.799154e+000	8.466737e+000
3.996234147166480e-003	-9.849366e+000	8.464871e+000
3.997489433110989e-003	-9.899577e+000	8.462814e+000
3.998744719055497e-003	-9.949789e+000	8.460566e+000
4.000000005000006e-003	-1.000000e+001	8.458127e+000
4.001054706671440e-003	-9.957812e+000	8.458065e+000
4.002109408342875e-003	-9.915624e+000	8.458379e+000
4.003164110014309e-003	-9.873436e+000	8.459070e+000
4.004218811685743e-003	-9.831248e+000	8.460137e+000
4.005273513357177e-003	-9.789060e+000	8.461581e+000
4.006328215028612e-003	-9.746871e+000	8.463401e+000
4.007382916700046e-003	-9.704683e+000	8.465597e+000
4.010702179280182e-003	-9.571913e+000	8.469768e+000
4.016561554280183e-003	-9.337538e+000	8.474992e+000
4.021462739796157e-003	-9.141491e+000	8.477210e+000
4.026522959920659e-003	-8.939082e+000	8.477756e+000
4.032015191587002e-003	-8.719393e+000	8.477766e+000
4.301546441587013e-003	2.061857e+000	8.473709e+000
4.303942258359052e-003	2.157690e+000	8.480144e+000
4.306338075131092e-003	2.253523e+000	8.480411e+000
4.308733891903132e-003	2.349356e+000	8.474511e+000
4.311129708675172e-003	2.445188e+000	8.462444e+000
4.313525525447211e-003	2.541021e+000	8.444211e+000
4.315921342219252e-003	2.636853e+000	8.419809e+000
4.318317158991291e-003	2.732686e+000	8.389241e+000
4.318384916902239e-003	2.735396e+000	8.397309e+000
4.318452674813187e-003	2.738107e+000	8.397113e+000
4.318520432724135e-003	2.740817e+000	8.388655e+000
4.318588190635082e-003	2.743527e+000	8.371933e+000
4.318655948546030e-003	2.746238e+000	8.346948e+000
4.318723706456978e-003	2.748948e+000	8.313701e+000
4.318791464367926e-003	2.751658e+000	8.272190e+000
4.318837180826334e-003	2.753487e+000	8.181488e+000
4.318889334134824e-003	2.755573e+000	8.009777e+000
4.318986221461484e-003	2.759449e+000	7.530493e+000
4.319056608265487e-003	2.762264e+000	7.030979e+000
4.319109630825950e-003	2.764385e+000	6.528423e+000
4.319154590178790e-003	2.766183e+000	6.018228e+000
4.319279318939321e-003	2.771173e+000	4.452633e+000
4.319550491077050e-003	2.782019e+000	9.750257e-001
4.319827683697581e-003	2.793107e+000	-2.372060e+000
4.320382068938645e-003	2.815283e+000	-8.353659e+000
4.320392145443937e-003	2.815686e+000	-8.406668e+000
4.321161363603019e-003	2.846454e+000	-8.435809e+000
4.321930581762101e-003	2.877223e+000	-8.458551e+000
4.322699799921182e-003	2.907992e+000	-8.474895e+000
4.323469018080264e-003	2.938761e+000	-8.484840e+000
4.324238236239345e-003	2.969529e+000	-8.488386e+000
4.325007454398427e-003	3.000298e+000	-8.485533e+000
4.325776672557509e-003	3.031067e+000	-8.476282e+000
4.500167778152098e-003	9.993289e+000	-8.477007e+000
4.801884110306095e-003	-2.075364e+000	-8.474445e+000
4.804229070527721e-003	-2.169163e+000	-8.480307e+000
4.806574030749347e-003	-2.262961e+000	-8.480220e+000
4.808918990970973e-003	-2.356759e+000	-8.474184e+000
4.811263951192598e-003	-2.450558e+000	-8.462199e+000
4.813608911414224e-003	-2.544356e+000	-8.444266e+000
4.815953871635850e-003	-2.638155e+000	-8.420384e+000
4.818298831857476e-003	-2.731953e+000	-8.390553e+000
4.818366254621357e-003	-2.734650e+000	-8.394602e+000
4.818433677385238e-003	-2.737347e+000	-8.392812e+000
4.818501100149119e-003	-2.740044e+000	-8.385183e+000
4.818568522913000e-003	-2.742741e+000	-8.371715e+000
4.818635945676881e-003	-2.745438e+000	-8.352409e+000
4.818703368440762e-003	-2.748135e+000	-8.327264e+000
4.818770791204644e-003	-2.750831e+000	-8.296281e+000
4.818813762502841e-003	-2.752550e+000	-8.227681e+000
4.818872392682503e-003	-2.754895e+000	-8.069189e+000
4.818929890889822e-003	-2.757195e+000	-7.815585e+000
4.819044887304459e-003	-2.761795e+000	-7.062912e+000
4.819098698695075e-003	-2.763948e+000	-6.576796e+000
4.819145469814195e-003	-2.765819e+000	-6.043051e+000
4.819265905686512e-003	-2.770636e+000	-4.502833e+000
4.819520042484963e-003	-2.780802e+000	-1.184473e+000
4.819771959313218e-003	-2.790878e+000	2.051929e+000
4.820275792969728e-003	-2.811032e+000	8.278095e+000
4.820291537771494e-003	-2.811661e+000	8.378043e+000
4.820542978866670e-003	-2.821719e+000	8.412721e+000
4.820794419961846e-003	-2.831777e+000	8.440055e+000
4.821045861057022e-003	-2.841834e+000	8.460047e+000
4.821297302152199e-003	-2.851892e+000	8.472695e+000
4.821548743247374e-003	-2.861950e+000	8.478001e+000
4.821800184342551e-003	-2.872007e+000	8.475964e+000
4.822051625437727e-003	-2.882065e+000	8.466584e+000
4.824754682552425e-003	-2.990187e+000	8.471861e+000
4.827457739667123e-003	-3.098309e+000	8.475880e+000
4.830160796781821e-003	-3.206432e+000	8.478643e+000
4.832863853896519e-003	-3.314554e+000	8.480149e+000
4.835566911011217e-003	-3.422676e+000	8.480398e+000
4.838269968125915e-003	-3.530799e+000	8.479390e+000
4.840973025240614e-003	-3.638921e+000	8.477125e+000
4.859388203812043e-003	-4.375528e+000	8.477222e+000
4.877803382383472e-003	-5.112135e+000	8.477316e+000
4.896218560954901e-003	-5.848742e+000	8.477409e+000
4.914633739526331e-003	-6.585349e+000	8.477499e+000
4.933048918097760e-003	-7.321956e+000	8.477588e+000
4.951464096669189e-003	-8.058564e+000	8.477675e+000
4.969879275240619e-003	-8.795171e+000	8.477759e+000
4.975738650240619e-003	-9.029546e+000	8.477732e+000
4.981598025240619e-003	-9.263921e+000	8.477189e+000
4.986223265567521e-003	-9.448931e+000	8.475317e+000
4.991210519404895e-003	-9.648420e+000	8.471191e+000
4.994140631000009e-003	-9.765625e+000	8.467469e+000
5.000000006000008e-003	-1.000000e+001	8.458120e+000
5.001081363986752e-003	-9.956746e+000	8.458106e+000
5.002162721973496e-003	-9.913491e+000	8.458466e+000
5.003244079960240e-003	-9.870237e+000	8.459198e+000
5.004325437946984e-003	-9.826983e+000	8.460304e+000
5.005406795933728e-003	-9.783728e+000	8.461783e+000
5.006488153920472e-003	-9.740474e+000	8.463635e+000
5.007569511907216e-003	-9.697220e+000	8.465860e+000
5.010924461246941e-003	-9.563022e+000	8.470024e+000
5.016783836246941e-003	-9.328647e+000	8.475127e+000
5.021738985371419e-003	-9.130441e+000	8.477269e+000
5.026816788053687e-003	-8.927329e+000	8.477763e+000
5.032067567758936e-003	-8.717298e+000	8.477765e+000
5.300992641537022e-003	2.039706e+000	8.474319e+000
5.303473387589048e-003	2.138935e+000	8.484567e+000
5.305954133641074e-003	2.238165e+000	8.487253e+000
5.308434879693100e-003	2.337395e+000	8.482375e+000
5.310915625745126e-003	2.436625e+000	8.469935e+000
5.313396371797152e-003	2.535855e+000	8.449932e+000
5.315877117849178e-003	2.635084e+000	8.422366e+000
5.318357863901203e-003	2.734314e+000	8.387238e+000
5.318720070235098e-003	2.748803e+000	8.331687e+000
5.318775377407461e-003	2.751015e+000	8.292626e+000
5.318822562449805e-003	2.752902e+000	8.214087e+000
5.318885241097449e-003	2.755409e+000	8.036286e+000
5.318948590956830e-003	2.757943e+000	7.735853e+000
5.319075290675593e-003	2.763011e+000	6.839765e+000
5.319127537760642e-003	2.765101e+000	6.336893e+000
5.319175142409436e-003	2.767005e+000	5.776323e+000
5.319239283259110e-003	2.769571e+000	4.965102e+000
5.319303424108782e-003	2.772137e+000	4.150854e+000
5.319367564958455e-003	2.774702e+000	3.333580e+000
5.319431705808128e-003	2.777268e+000	2.513278e+000
5.319495846657802e-003	2.779834e+000	1.689950e+000
5.319559987507474e-003	2.782399e+000	8.635948e-001
5.319624128357147e-003	2.784965e+000	3.421274e-002
5.319996130622472e-003	2.799845e+000	-4.317371e+000
5.320429014290288e-003	2.817160e+000	-8.375628e+000
5.320438616922771e-003	2.817544e+000	-8.415963e+000
5.321440400543417e-003	2.857616e+000	-8.442308e+000
5.322442184164063e-003	2.897687e+000	-8.462767e+000
5.323443967784709e-003	2.937759e+000	-8.477339e+000
5.324445751405355e-003	2.977830e+000	-8.486025e+000
5.325447535026001e-003	3.017901e+000	-8.488825e+000
5.326449318646647e-003	3.057973e+000	-8.485738e+000
5.327451102267293e-003	3.098044e+000	-8.476765e+000
5.500167779006580e-003	9.993289e+000	-8.477007e+000
5.801884103173420e-003	-2.075364e+000	-8.474445e+000
5.804229065908641e-003	-2.169162e+000	-8.480307e+000
5.806574028643862e-003	-2.262961e+000	-8.480220e+000
5.808918991379083e-003	-2.356759e+000	-8.474184e+000
5.811263954114303e-003	-2.450558e+000	-8.462199e+000
5.813608916849524e-003	-2.544356e+000	-8.444266e+000
5.815953879584745e-003	-2.638155e+000	-8.420383e+000
5.818298842319966e-003	-2.731953e+000	-8.390553e+000
5.818366264661941e-003	-2.734650e+000	-8.394602e+000
5.818433687003915e-003	-2.737347e+000	-8.392812e+000
5.818501109345890e-003	-2.740044e+000	-8.385183e+000
5.818568531687864e-003	-2.742741e+000	-8.371715e+000
5.818635954029840e-003	-2.745438e+000	-8.352407e+000
5.818703376371814e-003	-2.748135e+000	-8.327260e+000
5.818770798713789e-003	-2.750832e+000	-8.296274e+000
5.818813770169940e-003	-2.752551e+000	-8.227669e+000
5.818872396500288e-003	-2.754896e+000	-8.069179e+000
5.818929900979012e-003	-2.757196e+000	-7.815529e+000
5.819044909936457e-003	-2.761796e+000	-7.062716e+000
5.819098719819455e-003	-2.763948e+000	-6.576576e+000
5.819145489983486e-003	-2.765819e+000	-6.042810e+000
5.819265970185256e-003	-2.770638e+000	-4.501997e+000
5.819520185605169e-003	-2.780807e+000	-1.182610e+000
5.819772237707894e-003	-2.790889e+000	2.054454e+000
5.820276341913344e-003	-2.811054e+000	8.278580e+000
5.820292095169765e-003	-2.811683e+000	8.378418e+000
5.820543625604782e-003	-2.821745e+000	8.412902e+000
5.820795156039799e-003	-2.831806e+000	8.440091e+000
5.821046686474816e-003	-2.841867e+000	8.459983e+000
5.821298216909834e-003	-2.851928e+000	8.472580e+000
5.821549747344851e-003	-2.861990e+000	8.477880e+000
5.821801277779868e-003	-2.872051e+000	8.475885e+000
5.822052808214885e-003	-2.882112e+000	8.466594e+000
5.824756791592571e-003	-2.990271e+000	8.471865e+000
5.827460774970256e-003	-3.098431e+000	8.475881e+000
5.830164758347941e-003	-3.206590e+000	8.478641e+000
5.832868741725628e-003	-3.314749e+000	8.480146e+000
5.835572725103313e-003	-3.422909e+000	8.480394e+000
5.838276708480999e-003	-3.531068e+000	8.479388e+000
5.840980691858684e-003	-3.639227e+000	8.477125e+000
5.859395870430113e-003	-4.375834e+000	8.477222e+000
5.877811049001543e-003	-5.112442e+000	8.477316e+000
5.896226227572972e-003	-5.849049e+000	8.477409e+000
5.914641406144401e-003	-6.585656e+000	8.477499e+000
5.933056584715830e-003	-7.322263e+000	8.477588e+000
5.951471763287260e-003	-8.058871e+000	8.477675e+000
5.969886941858689e-003	-8.795478e+000	8.477760e+000
5.975746316858689e-003	-9.029853e+000	8.477733e+000
5.981605691858689e-003	-9.264228e+000	8.477188e+000
5.986229875013321e-003	-9.449195e+000	8.475313e+000
5.991215494271557e-003	-9.648620e+000	8.471187e+000
5.991964854445375e-003	-9.678594e+000	8.470448e+000
5.992714214619193e-003	-9.708569e+000	8.469637e+000
5.993463574793010e-003	-9.738543e+000	8.468753e+000
5.994212934966828e-003	-9.768518e+000	8.467796e+000
5.994962295140645e-003	-9.798492e+000	8.466766e+000
5.995711655314463e-003	-9.828466e+000	8.465664e+000
5.996461015488281e-003	-9.858440e+000	8.464488e+000
5.997670523968652e-003	-9.906820e+000	8.462440e+000
6.000000000000000e-003	-1.#IND00e+000	-1.#IND00e+000
