1.000000000000000000e+01 2.045580083254074477e+00 6.216329730802012676e+00
1.485643640495302265e+01 3.178408695229538061e+00 1.004419480312233048e+01
2.207137026544134528e+01 3.183669116456667503e+00 1.005855849058217011e+01
3.279019087187004544e+01 3.183716504917557089e+00 1.005868777784884038e+01
4.871453853942084322e+01 3.183679078615198499e+00 1.005858566993750358e+01
7.237244438075387620e+01 3.182955915475439213e+00 1.005661247208491460e+01
1.075196617413669742e+02 3.183644600990244822e+00 1.005849160566170752e+01
1.597359016942679659e+02 3.177304299795762788e+00 1.004117620962743374e+01
2.373106265108718560e+02 3.180217631159722114e+00 1.004913681967410533e+01
3.525590230978324371e+02 3.176939576228192230e+00 1.004017909691926391e+01
5.237770705645314138e+02 3.172288324735547338e+00 1.002745305683967914e+01
7.781460739214555815e+02 3.166651414818446142e+00 1.001200517679756530e+01
1.156047766097797194e+03 3.159015944186218672e+00 9.991036357638392928e+00
1.717475011811992317e+03 3.157111237119911706e+00 9.985797680392863640e+00
2.551555829008081673e+03 3.147980587994393620e+00 9.960640912413277093e+00
3.790702690734577118e+03 3.146746297996716901e+00 9.957234598832796379e+00
5.631633345498251401e+03 3.144335942433277964e+00 9.950578801741981394e+00
8.366600265340755868e+03 3.139541571663519104e+00 9.937324761262335215e+00
1.242978647676979563e+04 3.132797880454609274e+00 9.918647525882871463e+00
1.846623323192758471e+04 3.123251546052062455e+00 9.892139272583154508e+00
2.743424196491621115e+04 3.115035950131159748e+00 9.869261262943849644e+00
4.075750710698709008e+04 3.107850825660714911e+00 9.849203296868418889e+00
6.055113123593755154e+04 3.101118257235098152e+00 9.830366556512995402e+00
8.995740304546701373e+04 3.095977883856261492e+00 9.815956992713916307e+00
1.336446437499707390e+05 3.089881075748255768e+00 9.798835289854565644e+00
1.985483150734041701e+05 3.089635296503718376e+00 9.798144358310441504e+00
2.949720416198602761e+05 3.047597926261937928e+00 9.679153387707728484e+00
4.382233377564616967e+05 2.971498888363946378e+00 9.459511442498772738e+00
6.510437148545118980e+05 2.779950196343748736e+00 8.880740309391478959e+00
9.672189546580419410e+05 2.343966529399988286e+00 7.399028117905067425e+00
1.436942688954236219e+06 1.713362590003589148e+00 4.676985603434084204e+00
2.134784767601079307e+06 1.182081224315901569e+00 1.452946384715733341e+00
3.171529413812783081e+06 8.000338441012945223e-01 -1.937832810272650752e+00
4.711762504274752922e+06 5.056647424836975269e-01 -5.922746530615222937e+00
7.000000000000001863e+06 3.413136176934827293e-01 -9.336927678836575595e+00
