TIME  IN1  IN2
5  0.103149  -4.082642
4.99  0.26062  -4.078979
4.98  0.419312  -4.075317
4.971  0.576782  -4.071655
4.961  0.736084  -4.067383
4.951  0.893555  -4.063721
4.941  1.209106  -4.057617
4.932  1.365967  -4.058228
4.922  1.522827  -4.050293
4.912  1.680298  -4.039917
4.902  1.837769  -4.024658
4.893  2.188721  4.554443
4.883  2.340088  4.877319
4.873  2.493896  4.864502
4.863  2.650146  4.841919
4.854  2.805786  4.816284
4.844  3.115845  4.763794
4.834  3.272705  4.741821
4.824  3.428345  4.721069
4.814  3.584595  4.701538
4.805  3.740845  4.683838
4.795  4.052734  4.655762
4.785  4.209595  4.644165
4.775  4.367065  4.637451
4.766  4.525146  4.63623
4.756  4.683228  4.68689
4.746  4.842529  4.833374
4.736  4.731445  4.75647
4.727  4.550781  4.597778
4.717  4.371948  4.546509
4.707  4.195557  4.525146
4.697  4.020386  4.508057
4.688  3.675537  4.47937
4.678  3.504639  4.467163
4.668  3.33374  4.456787
4.658  3.163452  4.44458
4.648  2.994385  4.434204
4.639  2.659912  4.415894
4.629  2.492676  4.406738
4.619  2.32666  4.398804
4.609  2.162476  4.391479
4.6  1.998291  4.383545
4.59  1.672363  4.370117
4.58  1.508789  4.362793
4.57  1.345825  4.356079
4.561  1.183472  4.350586
4.551  1.02356  4.345093
4.541  0.701904  4.333496
4.531  0.540161  4.328613
4.521  0.380249  4.32251
4.512  0.220337  4.317627
4.502  0.062256  4.314575
4.492  -0.097046  4.309082
4.482  -0.414429  4.301147
4.473  -0.57251  4.296875
4.463  -0.72998  4.291992
4.453  -0.888062  4.28894
4.443  -1.046143  4.284668
4.434  -1.362915  4.276733
4.424  -1.518555  4.273682
4.414  -1.676025  4.27002
4.404  -1.832886  4.265747
4.395  -1.990967  4.263916
4.385  -2.333374  -2.240601
4.375  -2.495728  -4.633789
4.365  -2.648315  -4.631348
4.355  -2.803955  -4.608765
4.346  -2.958984  -4.581299
4.336  -3.269043  -4.526367
4.326  -3.425903  -4.501343
4.316  -3.582764  -4.478149
4.307  -3.737793  -4.457397
4.297  -3.893433  -4.437256
4.287  -4.202881  -4.401245
4.277  -4.358521  -4.385376
4.268  -4.51416  -4.367065
4.258  -4.6698  -4.341431
4.248  -4.822998  -4.171143
4.238  -4.894409  -3.966064
4.229  -4.554443  -4.291382
4.219  -4.377441  -4.28772
4.209  -4.200439  -4.277344
4.199  -4.024658  -4.263916
4.189  -3.851318  -4.252319
4.18  -3.50769  -4.230347
4.17  -3.336182  -4.219971
4.16  -3.167114  -4.210205
4.15  -2.998047  -4.200439
4.141  -2.832031  -4.193115
4.131  -2.498169  -4.174805
4.121  -2.332153  -4.16748
4.111  -2.166748  -4.160156
4.102  -2.003174  -4.152832
4.092  -1.8396  -4.146729
4.082  -1.513672  -4.134521
4.072  -1.351318  -4.129028
4.063  -1.188965  -4.122314
4.053  -1.027832  -4.116211
4.043  -0.866699  -4.111328
4.033  -0.545654  -4.101562
4.023  -0.385742  -4.09729
4.014  -0.227051  -4.092407
4.004  -0.067749  -4.088135
3.994  0.090942  -4.083252
3.984  0.249023  -4.07959
3.975  0.565186  -4.071655
3.965  0.724487  -4.067993
3.955  0.881958  -4.064941
3.945  1.039429  -4.060669
3.936  1.19751  -4.057007
3.926  1.511841  -4.051514
3.916  1.668091  -4.041748
3.906  1.825562  -4.026489
3.896  1.983032  -3.988647
3.887  2.174683  3.934326
3.877  2.483521  4.866333
3.867  2.63916  4.84375
3.857  2.7948  4.818115
3.848  2.95105  4.79126
3.838  3.105469  4.766235
3.828  3.417969  4.72229
3.818  3.574219  4.702759
3.809  3.730469  4.686279
3.799  3.885498  4.67041
3.789  4.041138  4.656372
3.779  4.355469  4.636841
3.77  4.51355  4.63562
3.76  4.671631  4.680176
3.75  4.830933  4.821167
3.74  4.91394  4.919434
3.73  4.744263  4.769287
3.721  4.383545  4.54834
3.711  4.207764  4.526367
3.701  4.031982  4.509888
3.691  3.858643  4.494019
3.682  3.686523  4.47998
3.672  3.345337  4.456787
3.662  3.175049  4.445801
3.652  3.005371  4.434814
3.643  2.837524  4.42627
3.633  2.672119  4.416504
3.623  2.338867  4.400024
3.613  2.174072  4.391479
3.604  2.009277  4.383545
3.594  1.846313  4.377441
3.584  1.682739  4.370117
3.574  1.357422  4.3573
3.564  1.195679  4.351807
3.555  1.034546  4.345703
3.545  0.874023  4.3396
3.535  0.713501  4.335327
3.525  0.391846  4.32373
3.516  0.231934  4.319458
3.506  0.073242  4.314575
3.496  -0.08606  4.309692
3.486  -0.244751  4.30603
3.477  -0.402832  4.301147
3.467  -0.718384  4.292603
3.457  -0.877075  4.289551
3.447  -1.034546  4.285278
3.438  -1.192627  4.281006
3.428  -1.350098  4.278564
3.418  -1.664429  4.269409
3.408  -1.821289  4.266968
3.398  -1.978149  4.263306
3.389  -2.13562  4.260254
3.379  -2.318726  -1.633301
3.369  -2.636719  -4.633179
3.359  -2.792358  -4.610596
3.35  -2.947998  -4.58252
3.34  -3.103638  -4.554443
3.33  -3.258667  -4.528198
3.32  -3.571167  -4.47998
3.311  -3.725586  -4.458008
3.301  -3.881836  -4.437866
3.291  -4.036255  -4.419556
3.281  -4.192505  -4.402466
3.271  -4.503174  -4.368286
3.262  -4.658813  -4.343872
3.252  -4.812012  -4.192505
3.242  -4.899292  -3.959351
3.232  -4.746094  -4.208984
3.223  -4.567261  -4.290161
3.213  -4.212646  -4.276733
3.203  -4.036865  -4.264526
3.193  -3.862915  -4.252319
3.184  -3.691406  -4.241333
3.174  -3.519287  -4.230347
3.164  -3.178101  -4.210205
3.154  -3.009033  -4.20105
3.145  -2.842407  -4.192505
3.135  -2.674561  -4.18335
3.125  -2.508545  -4.175415
3.115  -2.177124  -4.160767
3.105  -2.01355  -4.153442
3.096  -1.851196  -4.147339
3.086  -1.687012  -4.140625
3.076  -1.523438  -4.133911
3.066  -1.199951  -4.122925
3.057  -1.039429  -4.116821
3.047  -0.878296  -4.111938
3.037  -0.716553  -4.107056
3.027  -0.55542  -4.101562
3.018  -0.395508  -4.09668
3.008  -0.077515  -4.088135
2.998  0.081177  -4.083252
2.988  0.239258  -4.07959
2.979  0.397949  -4.075317
2.969  0.55542  -4.071655
2.959  0.872192  -4.063721
2.949  1.030273  -4.060669
2.939  1.187744  -4.057007
2.93  1.343994  -4.058228
2.92  1.501465  -4.052124
2.91  1.815796  -4.02771
2.9  1.972656  -3.997192
2.891  2.163086  3.482666
2.881  2.319946  4.876709
2.871  2.473145  4.866943
2.861  2.784424  4.818726
2.852  2.940063  4.79187
2.842  3.094482  4.767456
2.832  3.250732  4.743652
2.822  3.406982  4.72229
2.813  3.719482  4.686279
2.803  3.874512  4.6698
2.793  4.030151  4.656372
2.783  4.187012  4.645996
2.773  4.344482  4.636841
2.764  4.502563  4.634399
2.754  4.819946  4.810791
2.744  4.918823  4.921265
2.734  4.75708  4.782104
2.725  4.574585  4.612427
2.715  4.396362  4.550171
2.705  4.044189  4.509888
2.695  3.870239  4.494019
2.686  3.69751  4.47998
2.676  3.527832  4.468994
2.666  3.356323  4.456177
2.656  3.016968  4.436035
2.646  2.848511  4.425659
2.637  2.681274  4.415894
2.627  2.514648  4.407959
2.617  2.348633  4.399414
2.607  2.019043  4.384155
2.598  1.856689  4.377441
2.588  1.693115  4.369507
2.578  1.530151  4.362793
2.568  1.367188  4.35791
2.559  1.044312  4.344482
2.549  0.883789  4.3396
2.539  0.722656  4.333496
2.529  0.562134  4.328003
2.52  0.401611  4.32373
2.51  0.241089  4.318848
2.5  -0.076904  4.308472
2.49  -0.236206  4.30603
2.48  -0.394287  4.300537
2.471  -0.552979  4.296265
2.461  -0.709229  4.292603
2.451  -1.026611  4.283447
2.441  -1.184692  4.281006
2.432  -1.342163  4.277344
2.422  -1.497803  4.273071
2.412  -1.655273  4.27002
2.402  -1.970215  4.263306
2.393  -2.127686  4.259033
2.383  -2.30896  -1.133423
2.373  -2.475586  -4.627075
2.363  -2.628174  -4.631348
2.354  -2.939453  -4.584961
2.344  -3.095093  -4.556885
2.334  -3.250122  -4.530029
2.324  -3.405762  -4.504395
2.314  -3.562622  -4.481812
2.305  -3.874512  -4.439697
2.295  -4.02771  -4.420776
2.285  -4.18335  -4.403687
2.275  -4.338989  -4.387207
2.266  -4.494629  -4.370117
2.256  -4.649658  -4.346313
2.246  -4.904175  -3.952026
2.236  -4.759521  -4.193726
2.227  -4.580688  -4.290161
2.217  -4.403687  -4.28894
2.207  -4.226685  -4.278564
2.197  -3.876343  -4.25415
2.188  -3.704834  -4.242554
2.178  -3.532104  -4.230957
2.168  -3.361816  -4.221191
2.158  -3.191528  -4.211426
2.148  -2.855835  -4.193115
2.139  -2.687988  -4.18457
2.129  -2.521362  -4.176636
2.119  -2.355347  -4.169312
2.109  -2.190552  -4.161377
2.1  -1.862183  -4.147339
2.09  -1.699219  -4.141235
2.08  -1.535645  -4.134521
2.07  -1.372681  -4.128418
2.061  -1.211548  -4.123535
2.051  -0.889893  -4.113159
2.041  -0.72937  -4.107666
2.031  -0.568237  -4.102173
2.021  -0.407715  -4.0979
2.012  -0.250244  -4.093018
2.002  -0.089722  -4.088745
1.992  0.227051  -4.080811
1.982  0.385132  -4.076538
1.973  0.543213  -4.072266
1.963  0.701904  -4.067993
1.953  0.859985  -4.064331
1.943  1.176147  -4.057617
1.934  1.332397  -4.058228
1.924  1.489258  -4.052734
1.914  1.646729  -4.042969
1.904  1.804199  -4.028931
1.895  2.149048  2.921143
1.885  2.30835  4.876709
1.875  2.462158  4.868774
1.865  2.616577  4.846802
1.855  2.772827  4.819946
1.846  3.083496  4.769287
1.836  3.239746  4.745483
1.826  3.395996  4.724121
1.816  3.551636  4.705811
1.807  3.707886  4.686279
1.797  4.019165  4.657593
1.787  4.176025  4.645386
1.777  4.332886  4.636841
1.768  4.490967  4.634399
1.758  4.649048  4.666138
1.748  4.80835  4.798584
1.738  4.769287  4.793701
1.729  4.586792  4.620972
1.719  4.407959  4.551392
1.709  4.230957  4.529419
1.699  4.055786  4.511108
1.689  3.709717  4.482422
1.68  3.538818  4.469604
1.67  3.36792  4.458008
1.66  3.197021  4.446411
1.65  3.028564  4.436646
1.641  2.694092  4.417114
1.631  2.527466  4.40918
1.621  2.36145  4.400635
1.611  2.196045  4.39209
1.602  2.03064  4.385376
1.592  1.705322  4.370117
1.582  1.541748  4.364014
1.572  1.378784  4.3573
1.563  1.217041  4.351196
1.553  1.055908  4.345093
1.543  0.734863  4.334106
1.533  0.57312  4.329224
1.523  0.413208  4.324951
1.514  0.252686  4.318848
1.504  0.095215  4.313965
1.494  -0.064087  4.310303
1.484  -0.38147  4.300537
1.475  -0.540771  4.296875
1.465  -0.697632  4.293213
1.455  -0.855713  4.28894
1.445  -1.013794  4.284058
1.436  -1.329346  4.276733
1.426  -1.486206  4.273071
1.416  -1.643677  4.27124
1.406  -1.800537  4.266357
1.396  -1.958008  4.262695
1.387  -2.293701  -0.479736
1.377  -2.463379  -4.625854
1.367  -2.616577  -4.633179
1.357  -2.772217  -4.614258
1.348  -2.927856  -4.587402
1.338  -3.237915  -4.53186
1.328  -3.393555  -4.506226
1.318  -3.549805  -4.483032
1.309  -3.706055  -4.46167
1.299  -3.862915  -4.441528
1.289  -4.017334  -4.423218
1.279  -4.326782  -4.388428
1.27  -4.481812  -4.371338
1.26  -4.636841  -4.348755
1.25  -4.79126  -4.234009
1.24  -4.904175  -3.955688
1.23  -4.592285  -4.28894
1.221  -4.414673  -4.289551
1.211  -4.237061  -4.279785
1.201  -4.06189  -4.266968
1.191  -3.887939  -4.255371
1.182  -3.543701  -4.232788
1.172  -3.372803  -4.221802
1.162  -3.201904  -4.212036
1.152  -3.033447  -4.202881
1.143  -2.866821  -4.193726
1.133  -2.531738  -4.176636
1.123  -2.365723  -4.169312
1.113  -2.200928  -4.161987
1.104  -2.037964  -4.155884
1.094  -1.87439  -4.14856
1.084  -1.546631  -4.135132
1.074  -1.384277  -4.129639
1.064  -1.221924  -4.123535
1.055  -1.061401  -4.118042
1.045  -0.900269  -4.113159
1.035  -0.739136  -4.108276
1.025  -0.41748  -4.0979
1.016  -0.259399  -4.093018
1.006  -0.100098  -4.088745
996.094  0.057983  -4.084473
986.328  0.216675  -4.080811
976.563  0.532837  -4.072266
966.797  0.692139  -4.068604
957.031  0.849609  -4.065552
947.266  1.00708  -4.0625
937.5  1.165161  -4.058228
927.734  1.478271  -4.053345
917.969  1.635742  -4.044189
908.203  1.792603  -4.031372
898.438  1.950073  -4.005737
888.672  2.136841  2.418213
878.906  2.451172  4.869385
869.141  2.606201  4.847412
859.375  2.762451  4.821167
849.609  2.919312  4.796143
839.844  3.07312  4.769897
830.078  3.38501  4.725342
820.313  3.54187  4.705811
810.547  3.69751  4.6875
800.781  3.852539  4.672241
791.016  4.008789  4.658203
781.25  4.165039  4.645996
771.484  4.480591  4.634399
761.719  4.638672  4.660034
751.953  4.796753  4.786987
742.188  4.921265  4.918823
732.422  4.782104  4.805908
722.656  4.420166  4.553833
712.891  4.243164  4.529419
703.125  4.067993  4.511108
693.359  3.894043  4.49585
683.594  3.721924  4.482422
673.828  3.380127  4.458008
664.063  3.209839  4.447632
654.297  3.040771  4.436646
644.531  2.871704  4.42627
634.766  2.706299  4.418335
625  2.373047  4.400024
615.234  2.207642  4.3927
605.469  2.043457  4.385376
595.703  1.880493  4.377441
585.938  1.717529  4.370728
576.172  1.390991  4.35791
566.406  1.228638  4.351196
556.641  1.067505  4.346313
546.875  0.907593  4.34021
537.109  0.74646  4.334106
527.344  0.584717  4.329834
517.578  0.263672  4.318848
507.813  0.105591  4.314575
498.047  -0.053101  4.310303
488.281  -0.212402  4.30603
478.516  -0.370483  4.301147
468.75  -0.686035  4.292603
458.984  -0.844116  4.28833
449.219  -1.002197  4.285889
439.453  -1.160278  4.281006
429.688  -1.318359  4.277344
419.922  -1.63208  4.27124
410.156  -1.78894  4.266968
400.391  -1.946411  4.263306
390.625  -2.103882  4.260254
380.859  -2.279663  0.154419
371.094  -2.605591  -4.634399
361.328  -2.76123  -4.615479
351.563  -2.91626  -4.589233
341.797  -3.071899  -4.560547
332.031  -3.226318  -4.533691
322.266  -3.538818  -4.484863
312.5  -3.694458  -4.46228
302.734  -3.850098  -4.442749
292.969  -4.005127  -4.423828
283.203  -4.160767  -4.406128
273.438  -4.315796  -4.389648
263.672  -4.626465  -4.350586
253.906  -4.780884  -4.25293
244.141  -4.904175  -3.95874
234.375  -4.783325  -4.160767
224.609  -4.604492  -4.287109
214.844  -4.249268  -4.280396
205.078  -4.074097  -4.267578
195.313  -3.899536  -4.255371
185.547  -3.727417  -4.244385
175.781  -3.555298  -4.232788
166.016  -3.214111  -4.212646
156.25  -3.045044  -4.203491
146.484  -2.877808  -4.194336
136.719  -2.711182  -4.186401
126.953  -2.544556  -4.178467
117.188  -2.213135  -4.161987
107.422  -2.04895  -4.155273
97.656  -1.886597  -4.14978
87.891  -1.722412  -4.142456
78.125  -1.558228  -4.135742
68.359  -1.234131  -4.124146
58.594  -1.072998  -4.118652
48.828  -0.911865  -4.113159
39.063  -0.751343  -4.108276
29.297  -0.5896  -4.103394
19.531  -0.429688  -4.098511
9.766  -0.111694  -4.089355
0  0.046387  -4.085083
-9.766  0.205078  -4.081421
-19.531  0.36377  -4.077148
-29.297  0.521851  -4.072876
-39.063  0.838623  -4.064941
-48.828  0.996094  -4.0625
-58.594  1.154175  -4.058228
-68.359  1.310425  -4.058838
-78.125  1.467896  -4.053955
-87.891  1.781616  -4.031982
-97.656  1.938477  -4.008789
-107.422  2.122803  1.817017
-117.188  2.286987  4.876099
-126.953  2.440186  4.869995
-136.719  2.751465  4.823608
-146.484  2.907104  4.796753
-156.25  3.062134  4.771118
-166.016  3.217773  4.747925
-175.781  3.374023  4.727173
-185.547  3.686523  4.68811
-195.313  3.842163  4.673462
-205.078  3.997803  4.658813
-214.844  4.154663  4.646606
-224.609  4.312134  4.638672
-234.375  4.470215  4.633789
-244.141  4.786987  4.777222
-253.906  4.921265  4.915771
-263.672  4.796143  4.819336
-273.438  4.611816  4.641113
-283.203  4.433594  4.556885
-292.969  4.080811  4.512329
-302.734  3.90686  4.498291
-312.5  3.734131  4.483643
-322.266  3.563232  4.470215
-332.031  3.392334  4.459229
-341.797  3.052368  4.437256
-351.563  2.883301  4.42749
-361.328  2.717285  4.418945
-371.094  2.550049  4.40918
-380.859  2.385254  4.401245
-390.625  2.055054  4.385376
-400.391  1.891479  4.378052
-410.156  1.728516  4.371948
-419.922  1.564941  4.365234
-429.688  1.402588  4.358521
-439.453  1.240234  4.352417
-449.219  0.918579  4.34082
-458.984  0.758057  4.335327
-468.75  0.596924  4.331055
-478.516  0.436401  4.324951
-488.281  0.275879  4.319458
-498.047  -0.042114  4.310303
-507.813  -0.201416  4.30603
-517.578  -0.359497  4.302368
-527.344  -0.518799  4.297485
-537.109  -0.675659  4.293213
-546.875  -0.991211  4.285889
-556.641  -1.149292  4.281616
-566.406  -1.306763  4.277344
-576.172  -1.463623  4.274902
-585.938  -1.620483  4.27063
-595.703  -1.935425  4.263916
-605.469  -2.092285  4.260254
-615.234  -2.265015  0.802002
-625  -2.442017  -4.622192
-634.766  -2.593994  -4.63562
-644.531  -2.904663  -4.591064
-654.297  -3.060303  -4.562378
-664.063  -3.214722  -4.535522
-673.828  -3.370361  -4.509888
-683.594  -3.526611  -4.485474
-693.359  -3.682861  -4.464111
-703.125  -3.99231  -4.424438
-712.891  -4.147339  -4.406738
-722.656  -4.303589  -4.390869
-732.422  -4.459229  -4.37439
-742.188  -4.613647  -4.351807
-751.953  -4.899902  -3.969116
-761.719  -4.79248  -4.143677
-771.484  -4.614868  -4.285278
-781.25  -4.436646  -4.290771
-791.016  -4.259644  -4.281006
-800.781  -3.908691  -4.255981
-810.547  -3.738403  -4.244995
-820.313  -3.565063  -4.233398
-830.078  -3.394165  -4.222412
-839.844  -3.223267  -4.212646
-849.609  -2.887573  -4.194946
-859.375  -2.719727  -4.185791
-869.141  -2.553101  -4.177856
-878.906  -2.387085  -4.169922
-888.672  -2.22229  -4.162598
-898.438  -1.893311  -4.14856
-908.203  -1.729736  -4.141846
-917.969  -1.566772  -4.135742
-927.734  -1.404419  -4.129028
-937.5  -1.242065  -4.123535
-947.266  -1.082153  -4.118042
-957.031  -0.759277  -4.107666
-966.797  -0.598145  -4.102783
-976.563  -0.437622  -4.098511
-986.328  -0.278931  -4.093628
-996.094  -0.119629  -4.089355
-1.006  0.197754  -4.0802
-1.016  0.355835  -4.076538
-1.025  0.513916  -4.072876
-1.035  0.671997  -4.069214
-1.045  0.829468  -4.065552
-1.055  1.14563  -4.057617
-1.064  1.30249  -4.058228
-1.074  1.45874  -4.053955
-1.084  1.616211  -4.04541
-1.094  1.773071  -4.033203
-1.104  2.111816  1.226807
-1.113  2.277832  4.876099
-1.123  2.43103  4.871216
-1.133  2.58606  4.850464
-1.143  2.74292  4.82605
-1.152  3.052979  4.772949
-1.162  3.208618  4.750366
-1.172  3.364258  4.727783
-1.182  3.520508  4.707642
-1.191  3.676758  4.690552
-1.201  3.833008  4.674072
-1.211  4.144287  4.647827
-1.221  4.301758  4.639282
-1.23  4.459229  4.634399
-1.24  4.61731  4.6521
-1.25  4.776001  4.767456
-1.26  4.810181  4.833374
-1.27  4.625244  4.65271
-1.279  4.446411  4.558716
-1.289  4.269409  4.532471
-1.299  4.093628  4.51416
-1.309  3.746948  4.484863
-1.318  3.57605  4.471436
-1.328  3.405151  4.460449
-1.338  3.234253  4.448853
-1.348  3.065186  4.438477
-1.357  2.730103  4.418945
-1.367  2.562866  4.4104
-1.377  2.39624  4.402466
-1.387  2.230835  4.394531
-1.396  2.06665  4.385986
-1.406  1.740112  4.372559
-1.416  1.576538  4.365234
-1.426  1.413574  4.35791
-1.436  1.251831  4.353027
-1.445  1.090698  4.346313
-1.455  0.930176  4.34082
-1.465  0.606689  4.329834
-1.475  0.446777  4.324341
-1.484  0.286865  4.320068
-1.494  0.128784  4.315796
-1.504  -0.029907  4.310913
-1.514  -0.3479  4.302979
-1.523  -0.506592  4.297485
-1.533  -0.663452  4.293823
-1.543  -0.821533  4.290771
-1.553  -0.979614  4.285889
-1.563  -1.295776  4.278564
-1.572  -1.453247  4.274292
-1.582  -1.609497  4.27063
-1.592  -1.765747  4.267578
-1.602  -1.923218  4.264526
-1.611  -2.250977  1.410522
-1.621  -2.431641  -4.61853
-1.631  -2.583618  -4.63623
-1.641  -2.738037  -4.619141
-1.65  -2.894287  -4.593506
-1.66  -3.204346  -4.537354
-1.67  -3.360596  -4.511719
-1.68  -3.516846  -4.487305
-1.689  -3.673096  -4.465942
-1.699  -3.828735  -4.44519
-1.709  -3.983765  -4.42627
-1.719  -4.293213  -4.391479
-1.729  -4.448242  -4.375
-1.738  -4.603271  -4.353638
-1.748  -4.75769  -4.284668
-1.758  -4.897461  -3.980103
-1.768  -4.628296  -4.282837
-1.777  -4.450073  -4.290771
-1.787  -4.273682  -4.281616
-1.797  -4.09729  -4.269409
-1.807  -3.922119  -4.256592
-1.816  -3.577881  -4.234619
-1.826  -3.407593  -4.224243
-1.836  -3.236084  -4.213867
-1.846  -3.067627  -4.204712
-1.855  -2.900391  -4.194946
-1.865  -2.565918  -4.178467
-1.875  -2.399902  -4.171143
-1.885  -2.235107  -4.163818
-1.895  -2.070923  -4.157104
-1.904  -1.907349  -4.150391
-1.914  -1.5802  -4.136963
-1.924  -1.417847  -4.130859
-1.934  -1.255493  -4.124756
-1.943  -1.094971  -4.118652
-1.953  -0.933228  -4.11377
-1.963  -0.772705  -4.108887
-1.973  -0.45105  -4.098511
-1.982  -0.292358  -4.094238
-1.992  -0.133057  -4.089966
-2.002  0.025024  -4.085693
-2.012  0.184326  -4.081421
-2.021  0.500488  -4.073486
-2.031  0.65918  -4.069214
-2.041  0.817261  -4.065552
-2.051  0.975342  -4.0625
-2.061  1.132812  -4.058838
-2.07  1.446533  -4.055176
-2.08  1.604004  -4.046021
-2.09  1.760864  -4.033813
-2.1  1.918945  -4.012451
-2.109  2.096558  0.50415
-2.119  2.420654  4.872437
-2.129  2.575073  4.853516
-2.139  2.730713  4.827271
-2.148  2.886353  4.800415
-2.158  3.041382  4.775391
-2.168  3.197021  4.751587
-2.178  3.509521  4.709473
-2.188  3.665161  4.691772
-2.197  3.820801  4.675293
-2.207  3.97644  4.660645
-2.217  4.13269  4.649048
-2.227  4.448242  4.633789
-2.236  4.605713  4.649048
-2.246  4.764404  4.755249
-2.256  4.91394  4.905396
-2.266  4.822388  4.845581
-2.275  4.457397  4.561157
-2.285  4.280396  4.533691
-2.295  4.104614  4.515991
-2.305  3.930664  4.498901
-2.314  3.757935  4.485474
-2.324  3.416138  4.460449
-2.334  3.24585  4.449463
-2.344  3.076782  4.439697
-2.354  2.907715  4.429321
-2.363  2.741089  4.419556
-2.373  2.407837  4.403076
-2.383  2.242432  4.393921
-2.393  2.077637  4.385986
-2.402  1.914673  4.380493
-2.412  1.751709  4.372559
-2.422  1.588135  4.365845
-2.432  1.263428  4.353027
-2.441  1.101074  4.346924
-2.451  0.941772  4.342041
-2.461  0.78064  4.335938
-2.471  0.618896  4.330444
-2.48  0.298462  4.321289
-2.49  0.139771  4.315796
-2.5  -0.020142  4.310913
-2.51  -0.179443  4.307251
-2.52  -0.337524  4.302368
-2.529  -0.653076  4.295044
-2.539  -0.810547  4.290161
-2.549  -0.968628  4.285889
-2.559  -1.126709  4.282227
-2.568  -1.28479  4.279175
-2.578  -1.599121  4.27124
-2.588  -1.755981  4.268799
-2.598  -1.913452  4.263916
-2.607  -2.070312  4.260864
-2.617  -2.238159  1.992188
-2.627  -2.573853  -4.63623
-2.637  -2.728271  -4.620972
-2.646  -2.883911  -4.594116
-2.656  -3.039551  -4.56604
-2.666  -3.193359  -4.539185
-2.676  -3.349609  -4.512939
-2.686  -3.662109  -4.467163
-2.695  -3.817749  -4.446411
-2.705  -3.972168  -4.42688
-2.715  -4.127808  -4.40979
-2.725  -4.282837  -4.3927
-2.734  -4.594116  -4.356689
-2.744  -4.748535  -4.299316
-2.754  -4.893188  -3.988647
-2.764  -4.818726  -4.101562
-2.773  -4.641113  -4.279785
-2.783  -4.285278  -4.282227
-2.793  -4.108887  -4.269409
-2.803  -3.934937  -4.257812
-2.813  -3.762817  -4.246216
-2.822  -3.590088  -4.235229
-2.832  -3.248901  -4.215088
-2.842  -3.079834  -4.205322
-2.852  -2.911987  -4.196167
-2.861  -2.744751  -4.187012
-2.871  -2.577515  -4.179688
-2.881  -2.246704  -4.164429
-2.891  -2.081909  -4.157104
-2.9  -1.918945  -4.150391
-2.91  -1.755371  -4.143677
-2.92  -1.591187  -4.136963
-2.93  -1.428833  -4.13147
-2.939  -1.106567  -4.119263
-2.949  -0.944824  -4.11499
-2.959  -0.784302  -4.109497
-2.969  -0.622559  -4.104004
-2.979  -0.462646  -4.099121
-2.988  -0.144653  -4.090576
-2.998  0.014038  -4.085693
-3.008  0.17334  -4.081421
-3.018  0.332031  -4.077148
-3.027  0.489502  -4.073486
-3.037  0.806274  -4.066162
-3.047  0.964355  -4.06189
-3.057  1.122437  -4.058228
-3.066  1.279297  -4.059448
-3.076  1.436768  -4.055176
-3.086  1.750488  -4.035034
-3.096  1.907349  -4.014893
-3.105  2.08313  -0.116577
-3.115  2.25647  4.873047
-3.125  2.409668  4.873657
-3.135  2.719727  4.829712
-3.145  2.875366  4.802246
-3.154  3.031616  4.777832
-3.164  3.186646  4.753418
-3.174  3.342896  4.731445
-3.184  3.499146  4.711914
-3.193  3.811646  4.676514
-3.203  3.966675  4.663086
-3.213  4.122925  4.649658
-3.223  4.280396  4.639893
-3.232  4.437866  4.634399
-3.242  4.754028  4.745483
-3.252  4.909058  4.898682
-3.262  4.837036  4.858398
-3.271  4.650879  4.675293
-3.281  4.471436  4.564819
-3.291  4.118042  4.516602
-3.301  3.944092  4.500732
-3.311  3.770752  4.487305
-3.32  3.600464  4.473877
-3.33  3.428955  4.46106
-3.34  3.088379  4.440308
-3.35  2.920532  4.429932
-3.359  2.753906  4.420166
-3.369  2.58728  4.412842
-3.379  2.421265  4.403687
-3.389  2.090454  4.387817
-3.398  1.92627  4.380493
-3.408  1.763916  4.373169
-3.418  1.600342  4.366455
-3.428  1.437378  4.360352
-3.438  1.275024  4.353638
-3.447  0.953369  4.342651
-3.457  0.792847  4.335938
-3.467  0.630493  4.330444
-3.477  0.471191  4.326782
-3.486  0.311279  4.321289
-3.496  -0.007935  4.312134
-3.506  -0.166626  4.307251
-3.516  -0.325928  4.302979
-3.525  -0.484009  4.298706
-3.535  -0.641479  4.295044
-3.545  -0.957031  4.285889
-3.555  -1.115112  4.282837
-3.564  -1.273193  4.279175
-3.574  -1.430664  4.274292
-3.584  -1.587524  4.272461
-3.594  -1.901855  4.264526
-3.604  -2.058105  4.261475
-3.613  -2.2229  2.652588
-3.623  -2.410889  -4.611206
-3.633  -2.561646  -4.636841
-3.643  -2.871704  -4.596558
-3.652  -3.027954  -4.569092
-3.662  -3.182983  -4.541016
-3.672  -3.338623  -4.51416
-3.682  -3.494263  -4.490967
-3.691  -3.650513  -4.468384
-3.701  -3.960571  -4.428101
-3.711  -4.116211  -4.4104
-3.721  -4.271851  -4.393921
-3.73  -4.42749  -4.377441
-3.74  -4.581909  -4.3573
-3.75  -4.885864  -4.008179
-3.76  -4.830933  -4.080811
-3.77  -4.65271  -4.277344
-3.779  -4.474487  -4.290771
-3.789  -4.298096  -4.282837
-3.799  -3.947144  -4.259033
-3.809  -3.774414  -4.246826
-3.818  -3.602905  -4.23584
-3.828  -3.431396  -4.224854
-3.838  -3.260498  -4.214478
-3.848  -2.923584  -4.196777
-3.857  -2.756958  -4.187622
-3.867  -2.589111  -4.179688
-3.877  -2.423096  -4.171753
-3.887  -2.25769  -4.164429
-3.896  -2.093506  -4.157104
-3.906  -1.766968  -4.143677
-3.916  -1.602783  -4.137573
-3.926  -1.439819  -4.13147
-3.936  -1.276855  -4.124756
-3.945  -1.116943  -4.119873
-3.955  -0.795288  -4.109497
-3.965  -0.633545  -4.104614
-3.975  -0.473633  -4.100342
-3.984  -0.314331  -4.094849
-3.994  -0.155029  -4.090576
-4.004  0.162354  -4.082031
-4.014  0.320435  -4.077759
-4.023  0.478516  -4.073486
-4.033  0.636597  -4.070435
-4.043  0.794067  -4.066162
-4.053  1.11084  -4.058838
-4.063  1.2677  -4.058228
-4.072  1.42395  -4.055786
-4.082  1.581421  -4.047852
-4.092  1.738281  -4.036255
-4.102  2.067261  -0.759277
-4.111  2.245483  4.871826
-4.121  2.397461  4.874878
-4.131  2.55188  4.855957
-4.141  2.70813  4.830933
-4.15  2.86377  4.805298
-4.16  3.174438  4.754028
-4.17  3.330078  4.733276
-4.18  3.486328  4.712524
-4.189  3.642578  4.693604
-4.199  3.798218  4.677124
-4.209  4.110107  4.649658
-4.219  4.267578  4.639893
-4.229  4.424438  4.63501
-4.238  4.58313  4.642334
-4.248  4.740601  4.733276
-4.258  4.848022  4.868774
-4.268  4.660645  4.686279
-4.277  4.481201  4.567261
-4.287  4.303589  4.536743
-4.297  4.127197  4.517212
-4.307  3.779907  4.487915
-4.316  3.609009  4.473877
-4.326  3.43811  4.46167
-4.336  3.267822  4.451294
-4.346  3.097534  4.439697
-4.355  2.762451  4.420166
-4.365  2.595825  4.411621
-4.375  2.42981  4.403076
-4.385  2.263794  4.395752
-4.395  2.098999  4.388428
-4.404  1.934814  4.379883
-4.414  1.609497  4.367065
-4.424  1.445923  4.360352
-4.434  1.283569  4.353638
-4.443  1.121826  4.348145
-4.453  0.962524  4.342041
-4.463  0.640259  4.331665
-4.473  0.479736  4.326172
-4.482  0.319824  4.321289
-4.492  0.159912  4.315796
-4.502  0.001221  4.312134
-4.512  -0.316162  4.302979
-4.521  -0.474243  4.298706
-4.531  -0.632324  4.294434
-4.541  -0.790405  4.290161
-4.551  -0.947876  4.286499
-4.561  -1.264038  4.279175
-4.57  -1.421509  4.274902
-4.58  -1.577759  4.271851
-4.59  -1.735229  4.268188
-4.6  -1.8927  4.263916
-4.609  -2.210693  3.217773
-4.619  -2.401733  -4.607544
-4.629  -2.55249  -4.636841
-4.639  -2.706909  -4.624023
-4.648  -2.862549  -4.598999
-4.658  -3.018188  -4.570923
-4.668  -3.328247  -4.516602
-4.678  -3.484497  -4.492798
-4.688  -3.641357  -4.469604
-4.697  -3.796387  -4.449463
-4.707  -3.951416  -4.429321
-4.717  -4.260864  -4.395142
-4.727  -4.417725  -4.379272
-4.736  -4.572144  -4.359131
-4.746  -4.726562  -4.319458
-4.756  -4.877319  -4.028931
-4.766  -4.666138  -4.27063
-4.775  -4.486694  -4.290771
-4.785  -4.310303  -4.283447
-4.795  -4.133911  -4.27124
-4.805  -3.960571  -4.259644
-4.814  -3.614502  -4.23645
-4.824  -3.442383  -4.225464
-4.834  -3.271484  -4.215698
-4.844  -3.101807  -4.205933
-4.854  -2.93457  -4.197388
-4.863  -2.600708  -4.180298
-4.873  -2.434082  -4.172363
-4.883  -2.269287  -4.165039
-4.893  -2.104492  -4.157715
-4.902  -1.941528  -4.151001
-4.912  -1.777954  -4.144287
-4.922  -1.452026  -4.13269
-4.932  -1.289673  -4.125977
-4.941  -1.12915  -4.120483
-4.951  -0.967407  -4.11499
-4.961  -0.806274  -4.109497
-4.971  -0.484619  -4.099731
-4.98  -0.325928  -4.095459
-4.99  -0.167236  -4.091187
