1.000000000000000000e+01 6.873092204503630787e-02 -2.325695659733595022e+01
1.485643640495302265e+01 8.439318562135619817e-02 -2.147385238656760009e+01
2.207137026544134528e+01 1.490363571540845034e-01 -1.653415546594190388e+01
3.279019087187004544e+01 2.145641083479879474e-01 -1.336885847592530219e+01
4.871453853942084322e+01 3.059916572301031312e-01 -1.028580828529144142e+01
7.237244438075387620e+01 4.551911824068205492e-01 -6.836123186616100966e+00
1.075196617413669742e+02 7.581127579792071858e-01 -2.405323894583515809e+00
1.597359016942679659e+02 1.114503567421831320e+00 9.416292590911488070e-01
2.373106265108718560e+02 1.474490900871241461e+00 3.372841937029271264e+00
3.525590230978324371e+02 2.141443934130050852e+00 6.614134169406044705e+00
5.237770705645314138e+02 3.214018452546816729e+00 1.014096731672482754e+01
7.781460739214555815e+02 4.804331176048902918e+00 1.363265873803631578e+01
1.156047766097797194e+03 8.141887431335918635e+00 1.821450187173078206e+01
1.717475011811992317e+03 1.104062371684498878e+01 2.085987217281395800e+01
2.551555829008081673e+03 1.104702293164269555e+01 2.086490511054090646e+01
3.790702690734577118e+03 1.059158319429228001e+01 2.049921763681322773e+01
5.631633345498251401e+03 1.068431288299555604e+01 2.057493195121134733e+01
8.366600265340755868e+03 1.051642621060661398e+01 2.043736357828642269e+01
1.242978647676979563e+04 1.050321433750232991e+01 2.042644456313525581e+01
1.846623323192758471e+04 1.043963349359866122e+01 2.037370504132929838e+01
2.743424196491621115e+04 1.031165491728289396e+01 2.026656741579077448e+01
4.075750710698709008e+04 1.008631775207665626e+01 2.007465291477240044e+01
6.055113123593755154e+04 9.860719820022177728e+00 1.987817238087921368e+01
8.995740304546701373e+04 9.600668927363933847e+00 1.964602987192055750e+01
1.336446437499707390e+05 9.186718445774431530e+00 1.926320812674248018e+01
1.985483150734041701e+05 8.321237948343451762e+00 1.840375881942172853e+01
2.949720416198602761e+05 6.976315577773563703e+00 1.687252235874758455e+01
4.382233377564616967e+05 4.772357085889844086e+00 1.357465863554666541e+01
6.510437148545118980e+05 6.443704528820578759e+00 1.618271235919940665e+01
9.672189546580419410e+05 6.983909781746153733e+00 1.688197241021921613e+01
1.436942688954236219e+06 1.630567048454067081e+00 4.246773231498643497e+00
2.134784767601079307e+06 1.070543949640833326e+00 5.920900266249063959e-01
3.171529413812783081e+06 7.887986516549793103e-01 -2.060676808682306405e+00
4.711762504274752922e+06 5.878649763517000970e-01 -4.614448266206099269e+00
7.000000000000001863e+06 4.108042158590637927e-01 -7.727302162501372251e+00
