Freq	Amplitude	Phase
1.00000000000000e+000	 2.40363235070508e+001  9.00039572448701e+001 
1.25892541179417e+000	 2.20363235161529e+001  9.00031352926522e+001 
1.58489319246111e+000	 2.00363235232213e+001  9.00024803061995e+001 
1.99526231496888e+000	 1.80363235297818e+001  9.00019574050957e+001 
2.51188643150958e+000	 1.60363235372506e+001  9.00015387429507e+001 
3.16227766016838e+000	 1.40363235472397e+001  9.00012020244786e+001 
3.98107170553497e+000	 1.20363235619053e+001  9.00009293181932e+001 
5.01187233627272e+000	 1.00363235844130e+001  9.00007061014904e+001 
6.30957344480194e+000	 8.03632361962105e+000  9.00005204872669e+001 
7.94328234724282e+000	 6.03632367512916e+000  9.00003625908886e+001 
1.00000000000000e+001	 4.03632376291879e+000  9.00002240037978e+001 
1.25892541179417e+001	 2.03632390193937e+000  9.00000973457273e+001 
1.58489319246111e+001	 3.63241221985686e-002  8.99999758716740e+001 
1.99526231496888e+001	 -1.96367552876057e+000  8.99998531127039e+001 
2.51188643150958e+001	 -3.96367497559740e+000  8.99997225314586e+001 
3.16227766016838e+001	 -5.96367409891141e+000  8.99995771740197e+001 
3.98107170553498e+001	 -7.96367270946958e+000  8.99994092995915e+001 
5.01187233627273e+001	 -9.96367050736051e+000  8.99992099682842e+001 
6.30957344480194e+001	 -1.19636670172586e+001  8.99989685650503e+001 
7.94328234724283e+001	 -1.39636614858257e+001  8.99986722344297e+001 
1.00000000000000e+002	 -1.59636527191043e+001  8.99983051960204e+001 
1.25892541179417e+002	 -1.79636388248067e+001  8.99978479042556e+001 
1.58489319246112e+002	 -1.99636168038751e+001  8.99972760078125e+001 
1.99526231496888e+002	 -2.19635819031655e+001  8.99965590533770e+001 
2.51188643150958e+002	 -2.39635265895559e+001  8.99956588650142e+001 
3.16227766016838e+002	 -2.59634389241143e+001  8.99945275133959e+001 
3.98107170553498e+002	 -2.79632999855652e+001  8.99931047678490e+001 
5.01187233627273e+002	 -2.99630797873569e+001  8.99913148977498e+001 
6.30957344480194e+002	 -3.19627308081499e+001  8.99890626573404e+001 
7.94328234724283e+002	 -3.39621777420995e+001  8.99862282489467e+001 
1.00000000000000e+003	 -3.59613012636103e+001  8.99826610139128e+001 
1.25892541179417e+003	 -3.79599123199602e+001  8.99781715502218e+001 
1.58489319246112e+003	 -3.99577114474738e+001  8.99725219065952e+001 
1.99526231496888e+003	 -4.19542244415619e+001  8.99654134691119e+001 
2.51188643150959e+003	 -4.39487007755087e+001  8.99564721693601e+001 
3.16227766016839e+003	 -4.59399535437383e+001  8.99452307678569e+001 
3.98107170553498e+003	 -4.79261081345551e+001  8.99311083325390e+001 
5.01187233627273e+003	 -4.99042097468936e+001  8.99133878877243e+001 
6.30957344480195e+003	 -5.18696158350323e+001  8.98911950048460e+001 
7.94328234724283e+003	 -5.38150688499737e+001  8.98634835936074e+001 
1.00000000000000e+004	 -5.57293133101774e+001  8.98290413800785e+001 
1.25892541179417e+004	 -5.75951107601763e+001  8.97865373582627e+001 
1.58489319246112e+004	 -5.93865722275291e+001  8.97346453347329e+001 
1.99526231496889e+004	 -6.10659863671348e+001  8.96722816988417e+001 
2.51188643150959e+004	 -6.25809515978533e+001  8.95989627631901e+001 
3.16227766016839e+004	 -6.38637334458279e+001  8.95151651986026e+001 
3.98107170553498e+004	 -6.48359543313884e+001  8.94223375102041e+001 
5.01187233627274e+004	 -6.54213940643062e+001  8.93220282979861e+001 
6.30957344480195e+004	 -6.55656029832943e+001  8.92139282966126e+001 
7.94328234724284e+004	 -6.52540122269719e+001  8.90936600948571e+001 
1.00000000000000e+005	 -6.45173196142512e+001  8.89518433249306e+001 
1.25892541179417e+005	 -6.34203308168481e+001  8.87749863557764e+001 
1.58489319246112e+005	 -6.20419182928178e+001  8.85470460273511e+001 
1.99526231496889e+005	 -6.04573000896916e+001  8.82501726307268e+001 
2.51188643150959e+005	 -5.87283434995951e+001  8.78641514559604e+001 
3.16227766016839e+005	 -5.69011652996046e+001  8.73648252562038e+001 
3.98107170553499e+005	 -5.50077875647107e+001  8.67217725766698e+001 
5.01187233627274e+005	 -5.30691070903334e+001  8.58951027589058e+001 
6.30957344480196e+005	 -5.10977175937224e+001  8.48307087562392e+001 
7.94328234724285e+005	 -4.91001077495651e+001  8.34526512148398e+001 
1.00000000000000e+006	 -4.70783633607974e+001  8.16503323257110e+001 
1.25892541179417e+006	 -4.50320437089592e+001  7.92566722527788e+001 
1.58489319246112e+006	 -4.29618872737887e+001  7.60124582804098e+001 
1.99526231496889e+006	 -4.08791926445458e+001  7.15162922461725e+001 
2.51188643150959e+006	 -3.88285691067058e+001  6.51882515321672e+001 
3.16227766016839e+006	 -3.69319751042437e+001  5.63780242236741e+001 
3.98107170553499e+006	 -3.54288182360164e+001  4.49219003089196e+001 
5.01187233627275e+006	 -3.45902651251472e+001  3.21201098408367e+001 
6.30957344480196e+006	 -3.44560741025368e+001  2.05684114387739e+001 
7.94328234724285e+006	 -3.47633833966264e+001  1.20837765003280e+001 
1.00000000000000e+007	 -3.52079753347650e+001  6.70475065240583e+000 
1.25892541179417e+007	 -3.56179342965379e+001  3.58781041079205e+000 
1.58489319246112e+007	 -3.59368636494568e+001  1.87587153380001e+000 
1.99526231496889e+007	 -3.61646471392775e+001  9.66150638508805e-001 
2.51188643150959e+007	 -3.63196778841068e+001  4.92768378130800e-001 
3.16227766016839e+007	 -3.64222042317454e+001  2.49745019587241e-001 
3.98107170553499e+007	 -3.64888244276806e+001  1.26063290067141e-001 
5.01187233627275e+007	 -3.65316422491335e+001  6.34682439003291e-002 
6.30957344480196e+007	 -3.65589741589595e+001  3.19016230807236e-002 
7.94328234724286e+007	 -3.65763460946889e+001  1.60185638307769e-002 
1.00000000000001e+008	 -3.65873577236104e+001  8.03825385788205e-003 
1.25892541179417e+008	 -3.65943258310092e+001  4.03220518753593e-003 
1.58489319246112e+008	 -3.65987304830581e+001  2.02231184217555e-003 
1.99526231496889e+008	 -3.66015128488027e+001  1.01424739411117e-003 
2.51188643150959e+008	 -3.66032696851094e+001  5.08735160529113e-004 
3.16227766016840e+008	 -3.66043786845926e+001  2.55256230746661e-004 
3.98107170553499e+008	 -3.66050786193446e+001  1.28138869338381e-004 
5.01187233627275e+008	 -3.66055203293014e+001  6.43840002377546e-005 
6.30957344480197e+008	 -3.66057990616874e+001  3.23979447739964e-005 
7.94328234724286e+008	 -3.66059749427713e+001  1.63386757656529e-005 
1.00000000000000e+009	 -3.66060859213441e+001  8.26590039566357e-006 
