TIME  IN1  IN2  OUT1
5  0.014648  -1.922607  0
4.99  0.030518  -1.871948  0.019531
4.98  0.046387  -1.92627  0.039062
4.971  0.062866  -1.990967  0.058594
4.961  0.079346  -2.01416  0.078125
4.951  0.096436  -1.97937  0.097656
4.941  0.128174  -1.907349  0.117188
4.932  0.145264  -1.930542  0.136719
4.922  0.160522  -1.956177  0.15625
4.912  0.177002  -1.976318  0.175781
4.902  0.192871  -1.963501  0.195312
4.893  0.22583  -1.918335  0.214844
4.883  0.24231  -1.928711  0.234375
4.873  0.258789  -1.92749  0.253906
4.863  0.274658  -1.928101  0.273438
4.854  0.289917  -1.942749  0.292969
4.844  0.322876  -1.929321  0.3125
4.834  0.338745  -1.90918  0.332031
4.824  0.355225  -1.92749  0.351562
4.814  0.371094  -1.950073  0.371094
4.805  0.387573  -1.943359  0.390625
4.795  0.419922  -1.921997  0.410156
4.785  0.435791  -1.930542  0.429688
4.775  0.45166  -1.937866  0.449219
4.766  0.467529  -1.941528  0.46875
4.756  0.484619  -1.945801  0.488281
4.746  0.498657  -1.901855  0.492188
4.736  0.482178  2.739258  0.472656
4.727  0.463867  3.909302  0.453125
4.717  0.443726  3.908691  0.433594
4.707  0.421753  2.86377  0.414062
4.697  0.39856  1.017456  0.394531
4.688  0.367432  1.539917  0.375
4.678  0.352783  2.731323  0.355469
4.668  0.335693  3.104858  0.335938
4.658  0.314941  2.481079  0.316406
4.648  0.29541  1.625977  0.296875
4.639  0.263062  1.749268  0.277344
4.629  0.246582  2.294312  0.257812
4.619  0.229492  2.473755  0.238281
4.609  0.211182  2.212524  0.21875
4.6  0.194092  1.853027  0.199219
4.59  0.160522  1.8573  0.179688
4.58  0.143433  2.075195  0.160156
4.57  0.127563  2.161255  0.140625
4.561  0.110474  2.084351  0.121094
4.551  0.093384  1.930542  0.101562
4.541  0.060425  1.921997  0.082031
4.531  0.043945  2.002563  0.0625
4.521  0.027466  2.021484  0.042969
4.512  0.010986  2.001953  0.023438
4.502  -0.006104  1.950684  0.003906
4.492  -0.022583  1.898193  -0.015625
4.482  -0.054321  1.973877  -0.035156
4.473  -0.071411  2.016602  -0.054688
4.463  -0.087891  1.986084  -0.074219
4.453  -0.10437  1.94519  -0.09375
4.443  -0.12085  1.920776  -0.113281
4.434  -0.153198  1.938477  -0.132812
4.424  -0.169678  1.956787  -0.152344
4.414  -0.185547  1.960449  -0.171875
4.404  -0.202026  1.953735  -0.191406
4.395  -0.218506  1.92688  -0.210938
4.385  -0.250854  1.925659  -0.230469
4.375  -0.266724  1.942749  -0.25
4.365  -0.283203  1.939087  -0.269531
4.355  -0.299072  1.94519  -0.289062
4.346  -0.315552  1.941528  -0.308594
4.336  -0.3479  1.920166  -0.328125
4.326  -0.363159  1.936035  -0.347656
4.316  -0.380249  1.94458  -0.367188
4.307  -0.396118  1.932983  -0.386719
4.297  -0.411987  1.936035  -0.40625
4.287  -0.444336  1.923828  -0.425781
4.277  -0.460205  1.918945  -0.445312
4.268  -0.476074  1.930542  -0.464844
4.258  -0.492554  1.938477  -0.484375
4.248  -0.507202  1.919556  -0.496094
4.238  -0.501099  0.571289  -0.476562
4.229  -0.473022  -3.604126  -0.457031
4.219  -0.452271  -3.536377  -0.4375
4.209  -0.431519  -2.861938  -0.417969
4.199  -0.410156  -1.728516  -0.398438
4.189  -0.391846  -1.177979  -0.378906
4.18  -0.360718  -2.282104  -0.359375
4.17  -0.343628  -2.664795  -0.339844
4.16  -0.325317  -2.440796  -0.320312
4.15  -0.305786  -1.955566  -0.300781
4.141  -0.288086  -1.650391  -0.28125
4.131  -0.255737  -2.089233  -0.261719
4.121  -0.238647  -2.285156  -0.242188
4.111  -0.220947  -2.190552  -0.222656
4.102  -0.203247  -1.968994  -0.203125
4.092  -0.186157  -1.833496  -0.183594
4.082  -0.153198  -2.012329  -0.164062
4.072  -0.137329  -2.086792  -0.144531
4.063  -0.119629  -2.079468  -0.125
4.053  -0.102539  -1.987305  -0.105469
4.043  -0.085449  -1.902466  -0.085938
4.033  -0.053101  -1.970215  -0.066406
4.023  -0.037231  -2.01355  -0.046875
4.014  -0.020142  -2.028198  -0.027344
4.004  -0.003052  -1.984253  -0.007812
3.994  0.013428  -1.916504  0.011719
3.984  0.029297  -1.865234  0.03125
3.975  0.061646  -2.000122  0.050781
3.965  0.078125  -2.033691  0.070312
3.955  0.095215  -1.965332  0.089844
3.945  0.111084  -1.907349  0.109375
3.936  0.128174  -1.907959  0.128906
3.926  0.159912  -1.963501  0.148438
3.916  0.175781  -1.978149  0.167969
3.906  0.192871  -1.964111  0.1875
3.896  0.209351  -1.902466  0.207031
3.887  0.22522  -1.89209  0.226562
3.877  0.257568  -1.96106  0.246094
3.867  0.272827  -1.942749  0.265625
3.857  0.289307  -1.948242  0.285156
3.848  0.305786  -1.94458  0.304688
3.838  0.322266  -1.939087  0.324219
3.828  0.354004  -1.921387  0.34375
3.818  0.370483  -1.931152  0.363281
3.809  0.386353  -1.945801  0.382812
3.799  0.402832  -1.923828  0.402344
3.789  0.418701  -1.922607  0.421875
3.779  0.450439  -1.945801  0.441406
3.77  0.467529  -1.936035  0.460938
3.76  0.483398  -1.929321  0.480469
3.75  0.498657  -1.906738  0.5
3.74  0.493164  -0.655518  0.480469
3.73  0.484009  2.51709  0.460938
3.721  0.446167  3.910522  0.441406
3.711  0.423584  3.03833  0.421875
3.701  0.39978  1.123047  0.402344
3.691  0.38147  0.512695  0.382812
3.682  0.368652  1.419678  0.363281
3.672  0.336304  3.114624  0.34375
3.662  0.316772  2.537231  0.324219
3.652  0.296631  1.689453  0.304688
3.643  0.278931  1.345215  0.285156
3.633  0.263062  1.680908  0.265625
3.623  0.231323  2.475586  0.246094
3.613  0.213013  2.260132  0.226562
3.604  0.194092  1.895142  0.207031
3.594  0.177612  1.717529  0.1875
3.584  0.161133  1.838989  0.167969
3.574  0.128784  2.180786  0.148438
3.564  0.111694  2.095947  0.128906
3.555  0.093994  1.92688  0.109375
3.545  0.078125  1.856079  0.089844
3.535  0.061035  1.914062  0.070312
3.525  0.028687  2.055054  0.050781
3.516  0.011597  2.001343  0.03125
3.506  -0.004883  1.934204  0.011719
3.496  -0.021362  1.897583  -0.007812
3.486  -0.037842  1.8927  -0.027344
3.477  -0.053711  1.947632  -0.046875
3.467  -0.08667  2.011719  -0.066406
3.457  -0.103149  1.947021  -0.085938
3.447  -0.119629  1.906738  -0.105469
3.438  -0.135498  1.90918  -0.125
3.428  -0.152588  1.948242  -0.144531
3.418  -0.184326  1.97998  -0.164062
3.408  -0.200806  1.946411  -0.183594
3.398  -0.217285  1.914062  -0.203125
3.389  -0.233154  1.901855  -0.222656
3.379  -0.249634  1.934204  -0.242188
3.369  -0.281982  1.94397  -0.261719
3.359  -0.297852  1.928101  -0.28125
3.35  -0.313721  1.941528  -0.300781
3.34  -0.3302  1.940918  -0.320312
3.33  -0.346069  1.941528  -0.339844
3.32  -0.378418  1.92749  -0.359375
3.311  -0.394897  1.920166  -0.378906
3.301  -0.410767  1.920166  -0.398438
3.291  -0.426636  1.936646  -0.417969
3.281  -0.443115  1.942139  -0.4375
3.271  -0.474854  1.919556  -0.457031
3.262  -0.491333  1.929932  -0.476562
3.252  -0.505981  1.932373  -0.496094
3.242  -0.501709  0.78064  -0.484375
3.232  -0.493164  -2.350464  -0.464844
3.223  -0.474854  -3.605957  -0.445312
3.213  -0.432739  -2.954712  -0.425781
3.203  -0.411377  -1.824951  -0.40625
3.193  -0.393066  -1.188965  -0.386719
3.184  -0.377197  -1.498413  -0.367188
3.174  -0.361328  -2.228394  -0.347656
3.164  -0.325928  -2.483521  -0.328125
3.154  -0.307007  -1.973877  -0.308594
3.145  -0.289307  -1.638184  -0.289062
3.135  -0.272827  -1.730347  -0.269531
3.125  -0.256348  -2.062988  -0.25
3.115  -0.222168  -2.22229  -0.230469
3.105  -0.204468  -2.001953  -0.210938
3.096  -0.187378  -1.846313  -0.191406
3.086  -0.170898  -1.856689  -0.171875
3.076  -0.154419  -1.986694  -0.152344
3.066  -0.12085  -2.084961  -0.132812
3.057  -0.10376  -1.989746  -0.113281
3.047  -0.08728  -1.923828  -0.09375
3.037  -0.070801  -1.928711  -0.074219
3.027  -0.054321  -1.978149  -0.054688
3.018  -0.037231  -1.986694  -0.035156
3.008  -0.004272  -1.968994  -0.015625
2.998  0.012207  -1.942139  0.003906
2.988  0.028687  -1.912842  0.023438
2.979  0.044556  -1.937866  0.042969
2.969  0.061035  -1.973267  0.0625
2.959  0.093384  -1.956177  0.082031
2.949  0.109863  -1.94458  0.101562
2.939  0.126343  -1.941528  0.121094
2.93  0.142822  -1.931763  0.140625
2.92  0.158691  -1.937256  0.160156
2.91  0.19165  -1.954346  0.179688
2.9  0.20752  -1.932373  0.199219
2.891  0.223999  -1.933594  0.21875
2.881  0.240479  -1.936646  0.238281
2.871  0.256348  -1.939697  0.257812
2.861  0.288696  -1.936646  0.277344
2.852  0.305176  -1.947632  0.296875
2.842  0.320435  -1.947021  0.316406
2.832  0.337524  -1.928711  0.335938
2.822  0.353394  -1.915283  0.355469
2.813  0.385132  -1.920776  0.375
2.803  0.401611  -1.94397  0.394531
2.793  0.41748  -1.958618  0.414062
2.783  0.43335  -1.965942  0.433594
2.773  0.450439  -1.929932  0.453125
2.764  0.466309  -1.878662  0.472656
2.754  0.497437  -1.947632  0.492188
2.744  0.493774  -0.890503  0.488281
2.734  0.484619  2.276001  0.46875
2.725  0.467529  3.905029  0.449219
2.715  0.446777  3.910522  0.429688
2.705  0.401611  1.274414  0.410156
2.695  0.383301  0.498047  0.390625
2.686  0.369263  1.30249  0.371094
2.676  0.355225  2.571411  0.351562
2.666  0.337524  3.115845  0.332031
2.656  0.297241  1.749268  0.3125
2.646  0.280151  1.344604  0.292969
2.637  0.264282  1.665039  0.273438
2.627  0.249023  2.218018  0.253906
2.617  0.231934  2.476807  0.234375
2.607  0.195923  1.897583  0.214844
2.598  0.178833  1.721191  0.195312
2.588  0.162354  1.832275  0.175781
2.578  0.146484  2.052612  0.15625
2.568  0.130005  2.177124  0.136719
2.559  0.095215  1.942749  0.117188
2.549  0.078735  1.851807  0.097656
2.539  0.062256  1.897583  0.078125
2.529  0.046387  1.99585  0.058594
2.52  0.029907  2.052002  0.039062
2.51  0.012817  2.024536  0.019531
2.5  -0.020752  1.893921  0
2.49  -0.036011  1.884766  -0.019531
2.48  -0.053101  1.962891  -0.039062
2.471  -0.06897  2.022095  -0.058594
2.461  -0.085449  2.000732  -0.078125
2.451  -0.119019  1.906128  -0.097656
2.441  -0.134888  1.911011  -0.117188
2.432  -0.151367  1.953125  -0.136719
2.422  -0.167236  1.960449  -0.15625
2.412  -0.183105  1.967163  -0.175781
2.402  -0.216064  1.925049  -0.195312
2.393  -0.231934  1.917725  -0.214844
2.383  -0.248413  1.940308  -0.234375
2.373  -0.264893  1.956787  -0.253906
2.363  -0.281372  1.938477  -0.273438
2.354  -0.3125  1.921997  -0.292969
2.344  -0.32959  1.948853  -0.3125
2.334  -0.345459  1.948242  -0.332031
2.324  -0.361328  1.947021  -0.351562
2.314  -0.377197  1.932373  -0.371094
2.305  -0.409546  1.917725  -0.390625
2.295  -0.426025  1.931152  -0.410156
2.285  -0.441895  1.930542  -0.429688
2.275  -0.458374  1.94519  -0.449219
2.266  -0.474854  1.918335  -0.46875
2.256  -0.490723  1.907349  -0.488281
2.246  -0.502319  0.958862  -0.492188
2.236  -0.493774  -2.130127  -0.472656
2.227  -0.476074  -3.605347  -0.453125
2.217  -0.455322  -3.567505  -0.433594
2.207  -0.43457  -3.018799  -0.414062
2.197  -0.393677  -1.206665  -0.394531
2.188  -0.378418  -1.436768  -0.375
2.178  -0.363159  -2.17041  -0.355469
2.168  -0.346069  -2.653198  -0.335938
2.158  -0.327148  -2.505493  -0.316406
2.148  -0.290527  -1.680908  -0.296875
2.139  -0.274048  -1.721191  -0.277344
2.129  -0.258179  -2.043457  -0.257812
2.119  -0.241089  -2.27356  -0.238281
2.109  -0.223389  -2.218018  -0.21875
2.1  -0.189209  -1.852417  -0.199219
2.09  -0.172119  -1.865234  -0.179688
2.08  -0.15564  -1.975708  -0.160156
2.07  -0.13916  -2.075806  -0.140625
2.061  -0.12207  -2.081909  -0.121094
2.051  -0.089111  -1.928101  -0.101562
2.041  -0.072021  -1.932983  -0.082031
2.031  -0.055542  -1.976318  -0.0625
2.021  -0.039062  -2.005005  -0.042969
2.012  -0.022583  -1.992798  -0.023438
2.002  -0.005493  -1.96106  -0.003906
1.992  0.027466  -1.899414  0.015625
1.982  0.043335  -1.940918  0.035156
1.973  0.059814  -1.993408  0.054688
1.963  0.076294  -1.989136  0.074219
1.953  0.092773  -1.956787  0.09375
1.943  0.125732  -1.920166  0.113281
1.934  0.141602  -1.92749  0.132812
1.924  0.157471  -1.96167  0.152344
1.914  0.17395  -1.97937  0.171875
1.904  0.19104  -1.956177  0.191406
1.895  0.222778  -1.911011  0.210938
1.885  0.238647  -1.936035  0.230469
1.875  0.254517  -1.978149  0.25
1.865  0.271606  -1.937866  0.269531
1.855  0.287476  -1.906738  0.289062
1.846  0.319214  -1.951294  0.308594
1.836  0.336304  -1.96167  0.328125
1.826  0.352173  -1.934814  0.347656
1.816  0.368652  -1.912231  0.367188
1.807  0.383911  -1.915894  0.386719
1.797  0.41687  -1.941528  0.40625
1.787  0.432739  -1.949463  0.425781
1.777  0.448608  -1.932983  0.445312
1.768  0.465088  -1.929932  0.464844
1.758  0.481567  -1.924438  0.484375
1.748  0.496826  -1.920166  0.496094
1.738  0.485229  2.071533  0.476562
1.729  0.46875  3.889771  0.457031
1.719  0.447388  3.911133  0.4375
1.709  0.426636  3.277588  0.417969
1.699  0.402832  1.325684  0.398438
1.689  0.370483  1.247559  0.378906
1.68  0.357056  2.545776  0.359375
1.67  0.339355  3.130493  0.339844
1.66  0.319824  2.65564  0.320312
1.65  0.299072  1.781616  0.300781
1.641  0.265503  1.61377  0.28125
1.631  0.250244  2.192383  0.261719
1.621  0.233154  2.503052  0.242188
1.611  0.215454  2.290649  0.222656
1.602  0.197144  1.900635  0.203125
1.592  0.163574  1.825562  0.183594
1.582  0.147705  2.041626  0.164062
1.572  0.131226  2.182007  0.144531
1.563  0.114136  2.122192  0.125
1.553  0.096436  1.954956  0.105469
1.543  0.064087  1.885376  0.085938
1.533  0.047607  2.001953  0.066406
1.523  0.030518  2.061157  0.046875
1.514  0.014038  2.023315  0.027344
1.504  -0.002441  1.954346  0.007812
1.494  -0.019531  1.906738  -0.011719
1.484  -0.05127  1.946411  -0.03125
1.475  -0.068359  2.005005  -0.050781
1.465  -0.084839  1.992188  -0.070312
1.455  -0.100098  1.948242  -0.089844
1.445  -0.117188  1.934814  -0.109375
1.436  -0.150146  1.948242  -0.128906
1.426  -0.166016  1.936646  -0.148438
1.416  -0.181885  1.948853  -0.167969
1.406  -0.198364  1.953735  -0.1875
1.396  -0.214233  1.948853  -0.207031
1.387  -0.247192  1.930542  -0.226562
1.377  -0.263672  1.924438  -0.246094
1.367  -0.279541  1.92627  -0.265625
1.357  -0.296021  1.928711  -0.285156
1.348  -0.311279  1.947632  -0.304688
1.338  -0.343628  1.936035  -0.324219
1.328  -0.360107  1.929932  -0.34375
1.318  -0.376587  1.932373  -0.363281
1.309  -0.393066  1.92688  -0.382812
1.299  -0.408936  1.920166  -0.402344
1.289  -0.424805  1.922607  -0.421875
1.279  -0.456543  1.951294  -0.441406
1.27  -0.473022  1.939697  -0.460938
1.26  -0.489502  1.930542  -0.480469
1.25  -0.505981  1.905518  -0.5
1.24  -0.50354  1.055908  -0.480469
1.23  -0.477295  -3.599243  -0.460938
1.221  -0.457153  -3.572998  -0.441406
1.211  -0.435791  -3.05481  -0.421875
1.201  -0.415039  -1.920166  -0.402344
1.191  -0.395508  -1.209717  -0.382812
1.182  -0.36377  -2.141113  -0.363281
1.172  -0.34729  -2.626953  -0.34375
1.162  -0.328979  -2.515259  -0.324219
1.152  -0.310059  -2.044067  -0.304688
1.143  -0.291748  -1.696167  -0.285156
1.133  -0.258179  -2.017822  -0.265625
1.123  -0.24231  -2.226562  -0.246094
1.113  -0.224609  -2.196045  -0.226562
1.104  -0.20752  -2.034912  -0.207031
1.094  -0.189819  -1.903687  -0.1875
1.084  -0.15625  -1.968994  -0.167969
1.074  -0.140381  -2.052002  -0.148438
1.064  -0.123291  -2.073364  -0.128906
1.055  -0.106201  -2.004395  -0.109375
1.045  -0.089722  -1.931763  -0.089844
1.035  -0.073242  -1.917114  -0.070312
1.025  -0.040283  -2.000732  -0.050781
1.016  -0.023193  -1.995239  -0.03125
1.006  -0.007324  -1.968994  -0.011719
996.094  0.009155  -1.96228  0.007812
986.328  0.026855  -1.90979  0.027344
976.563  0.058594  -1.972656  0.046875
966.797  0.075073  -1.987915  0.066406
957.031  0.091553  -1.972046  0.085938
947.266  0.108032  -1.938477  0.105469
937.5  0.123901  -1.922607  0.125
927.734  0.15686  -1.940918  0.144531
917.969  0.172729  -1.963501  0.164062
908.203  0.189209  -1.962891  0.183594
898.438  0.205078  -1.950073  0.203125
888.672  0.221558  -1.939087  0.222656
878.906  0.253906  -1.929932  0.242188
869.141  0.270386  -1.913452  0.261719
859.375  0.286255  -1.925049  0.28125
849.609  0.302124  -1.954956  0.300781
839.844  0.318604  -1.966553  0.320312
830.078  0.350342  -1.907349  0.339844
820.313  0.366821  -1.918335  0.359375
810.547  0.38269  -1.94397  0.378906
800.781  0.39978  -1.92688  0.398438
791.016  0.415649  -1.923828  0.417969
781.25  0.431519  -1.937866  0.4375
771.484  0.464478  -1.917725  0.457031
761.719  0.479736  -1.925049  0.476562
751.953  0.496216  -1.948853  0.496094
742.188  0.495605  -1.16272  0.484375
732.422  0.48645  1.862183  0.464844
722.656  0.450439  3.912354  0.445312
712.891  0.427856  3.395996  0.425781
703.125  0.404663  1.449585  0.40625
693.359  0.385132  0.497437  0.386719
683.594  0.371094  1.159668  0.367188
673.828  0.341187  3.118896  0.347656
664.063  0.320435  2.723389  0.328125
654.297  0.300293  1.829224  0.308594
644.531  0.282593  1.337891  0.289062
634.766  0.266724  1.585083  0.269531
625  0.234985  2.48291  0.25
615.234  0.217285  2.314453  0.230469
605.469  0.198364  1.937256  0.210938
595.703  0.181274  1.724854  0.191406
585.938  0.164795  1.791992  0.171875
576.172  0.132446  2.160645  0.152344
566.406  0.115967  2.147827  0.132812
556.641  0.098267  1.99707  0.113281
546.875  0.081177  1.855469  0.09375
537.109  0.065308  1.860962  0.074219
527.344  0.048828  1.976929  0.054688
517.578  0.015259  2.030029  0.035156
507.813  -0.001221  1.977539  0.015625
498.047  -0.0177  1.932373  -0.003906
488.281  -0.03479  1.889038  -0.023438
478.516  -0.050049  1.917114  -0.042969
468.75  -0.083008  1.990967  -0.0625
458.984  -0.099487  1.976929  -0.082031
449.219  -0.115967  1.951904  -0.101562
439.453  -0.132446  1.942139  -0.121094
429.688  -0.148926  1.932983  -0.140625
419.922  -0.181274  1.945801  -0.160156
410.156  -0.197754  1.950684  -0.179688
400.391  -0.213623  1.928711  -0.199219
390.625  -0.229492  1.930542  -0.21875
380.859  -0.245972  1.934204  -0.238281
371.094  -0.278931  1.920776  -0.257812
361.328  -0.2948  1.918945  -0.277344
351.563  -0.310669  1.953125  -0.296875
341.797  -0.326538  1.972046  -0.316406
332.031  -0.343628  1.928711  -0.335938
322.266  -0.375366  1.921387  -0.355469
312.5  -0.391235  1.936646  -0.375
302.734  -0.407715  1.936035  -0.394531
292.969  -0.423584  1.936646  -0.414062
283.203  -0.439453  1.930542  -0.433594
273.438  -0.455933  1.932373  -0.453125
263.672  -0.488281  1.916504  -0.472656
253.906  -0.50415  1.932983  -0.492188
244.141  -0.50415  1.225586  -0.488281
234.375  -0.494995  -1.699829  -0.46875
224.609  -0.478516  -3.582764  -0.449219
214.844  -0.437622  -3.133545  -0.429688
205.078  -0.415649  -2.012939  -0.410156
195.313  -0.396118  -1.237793  -0.390625
185.547  -0.380249  -1.383057  -0.371094
175.781  -0.36438  -2.088623  -0.351562
166.016  -0.3302  -2.559814  -0.332031
156.25  -0.310669  -2.075806  -0.3125
146.484  -0.292969  -1.685791  -0.292969
136.719  -0.276489  -1.70105  -0.273438
126.953  -0.26062  -2.012939  -0.253906
117.188  -0.22644  -2.236328  -0.234375
107.422  -0.20813  -2.03064  -0.214844
97.656  -0.19104  -1.838989  -0.195312
87.891  -0.17395  -1.844482  -0.175781
78.125  -0.158081  -1.976318  -0.15625
68.359  -0.124512  -2.097168  -0.136719
58.594  -0.106812  -2.000732  -0.117188
48.828  -0.090942  -1.907959  -0.097656
39.063  -0.073853  -1.907349  -0.078125
29.297  -0.057373  -1.969604  -0.058594
19.531  -0.040894  -2.006226  -0.039062
9.766  -0.007935  -1.985474  -0.019531
0  0.008545  -1.955566  0
-9.766  0.025635  -1.898804  0.019531
-19.531  0.041504  -1.901245  0.039062
-29.297  0.057373  -1.964722  0.058594
-39.063  0.090332  -1.984863  0.078125
-48.828  0.106812  -1.934814  0.097656
-58.594  0.123291  -1.924438  0.117188
-68.359  0.139771  -1.934814  0.136719
-78.125  0.15625  -1.941528  0.15625
-87.891  0.188599  -1.956787  0.175781
-97.656  0.205078  -1.950073  0.195312
-107.422  0.220947  -1.930542  0.214844
-117.188  0.236816  -1.931763  0.234375
-126.953  0.253296  -1.940918  0.253906
-136.719  0.285034  -1.915283  0.273438
-146.484  0.300903  -1.953735  0.292969
-156.25  0.317383  -1.981201  0.3125
-166.016  0.334473  -1.921387  0.332031
-175.781  0.349731  -1.895142  0.351562
-185.547  0.38208  -1.943359  0.371094
-195.313  0.39856  -1.942749  0.390625
-205.078  0.413818  -1.941528  0.410156
-214.844  0.430298  -1.940308  0.429688
-224.609  0.446167  -1.929321  0.449219
-234.375  0.463257  -1.90979  0.46875
-244.141  0.495605  -1.933594  0.488281
-253.906  0.496216  -1.298828  0.492188
-263.672  0.48645  1.607666  0.472656
-273.438  0.471191  3.823242  0.453125
-283.203  0.45105  3.912964  0.433594
-292.969  0.405884  1.568604  0.414062
-302.734  0.386353  0.50354  0.394531
-312.5  0.372314  1.079102  0.375
-322.266  0.358887  2.366943  0.355469
-332.031  0.342407  3.103027  0.335938
-341.797  0.302124  1.907349  0.316406
-351.563  0.283203  1.361694  0.296875
-361.328  0.267944  1.537476  0.277344
-371.094  0.252686  2.11792  0.257812
-380.859  0.235596  2.480469  0.238281
-390.625  0.199585  1.962891  0.21875
-400.391  0.182495  1.720581  0.199219
-410.156  0.165405  1.782227  0.179688
-419.922  0.150146  2.014771  0.160156
-429.688  0.133667  2.17041  0.140625
-439.453  0.116577  2.134399  0.121094
-449.219  0.082397  1.859131  0.101562
-458.984  0.065918  1.866455  0.082031
-468.75  0.050659  1.975708  0.0625
-478.516  0.033569  2.047119  0.042969
-488.281  0.01709  2.026367  0.023438
-498.047  -0.01709  1.921997  0.003906
-507.813  -0.033569  1.873779  -0.015625
-517.578  -0.048828  1.917725  -0.035156
-527.344  -0.065308  2.002563  -0.054688
-537.109  -0.081787  2.014771  -0.074219
-546.875  -0.114746  1.929321  -0.09375
-556.641  -0.131226  1.914062  -0.113281
-566.406  -0.147705  1.924438  -0.132812
-576.172  -0.163574  1.951904  -0.152344
-585.938  -0.179443  1.975708  -0.171875
-595.703  -0.212402  1.934814  -0.191406
-605.469  -0.228882  1.917725  -0.210938
-615.234  -0.245361  1.903076  -0.230469
-625  -0.26123  1.921997  -0.25
-634.766  -0.2771  1.940918  -0.269531
-644.531  -0.309448  1.956787  -0.289062
-654.297  -0.325317  1.950073  -0.308594
-664.063  -0.342407  1.923828  -0.328125
-673.828  -0.358276  1.920776  -0.347656
-683.594  -0.374756  1.925049  -0.367188
-693.359  -0.390015  1.931152  -0.386719
-703.125  -0.422363  1.930542  -0.40625
-712.891  -0.438843  1.930542  -0.425781
-722.656  -0.454102  1.936646  -0.445312
-732.422  -0.471191  1.937256  -0.464844
-742.188  -0.487061  1.924438  -0.484375
-751.953  -0.50415  1.33606  -0.496094
-761.719  -0.494995  -1.469727  -0.476562
-771.484  -0.480347  -3.552856  -0.457031
-781.25  -0.459595  -3.584595  -0.4375
-791.016  -0.438232  -3.19458  -0.417969
-800.781  -0.397949  -1.275635  -0.398438
-810.547  -0.38147  -1.358032  -0.378906
-820.313  -0.365601  -2.035522  -0.359375
-830.078  -0.349731  -2.580566  -0.339844
-839.844  -0.331421  -2.568359  -0.320312
-849.609  -0.294189  -1.713257  -0.300781
-859.375  -0.2771  -1.688843  -0.28125
-869.141  -0.26123  -1.982422  -0.261719
-878.906  -0.244141  -2.23999  -0.242188
-888.672  -0.227051  -2.229614  -0.222656
-898.438  -0.192261  -1.873169  -0.203125
-908.203  -0.175171  -1.849365  -0.183594
-917.969  -0.159302  -1.965332  -0.164062
-927.734  -0.142212  -2.08313  -0.144531
-937.5  -0.125732  -2.087402  -0.125
-947.266  -0.108032  -1.99585  -0.105469
-957.031  -0.075073  -1.922607  -0.085938
-966.797  -0.058594  -1.980591  -0.066406
-976.563  -0.042114  -2.020264  -0.046875
-986.328  -0.025635  -1.993408  -0.027344
-996.094  -0.008545  -1.953125  -0.007812
-1.006  0.025024  -1.917114  0.011719
-1.016  0.040283  -1.925659  0.03125
-1.025  0.056763  -1.976318  0.050781
-1.035  0.073242  -1.976929  0.070312
-1.045  0.089722  -1.964111  0.089844
-1.055  0.12207  -1.940308  0.109375
-1.064  0.13855  -1.930542  0.128906
-1.074  0.154419  -1.940918  0.148438
-1.084  0.170898  -1.948853  0.167969
-1.094  0.186768  -1.956787  0.1875
-1.104  0.219727  -1.928101  0.207031
-1.113  0.235596  -1.914673  0.226562
-1.123  0.251465  -1.948242  0.246094
-1.133  0.268555  -1.952515  0.265625
-1.143  0.284424  -1.928711  0.285156
-1.152  0.316162  -1.928711  0.304688
-1.162  0.332642  -1.940918  0.324219
-1.172  0.348511  -1.948242  0.34375
-1.182  0.365601  -1.936035  0.363281
-1.191  0.38147  -1.928711  0.382812
-1.201  0.397949  -1.905518  0.402344
-1.211  0.429688  -1.946411  0.421875
-1.221  0.444946  -1.952515  0.441406
-1.23  0.462036  -1.937256  0.460938
-1.24  0.477905  -1.916504  0.480469
-1.25  0.493774  -1.918945  0.5
-1.26  0.487061  1.372681  0.480469
-1.27  0.473022  3.770142  0.460938
-1.279  0.452881  3.912964  0.441406
-1.289  0.432129  3.604126  0.421875
-1.299  0.407715  1.721191  0.402344
-1.309  0.372925  0.966797  0.382812
-1.318  0.359497  2.277832  0.363281
-1.328  0.343018  3.091431  0.34375
-1.338  0.324707  2.832642  0.324219
-1.348  0.303955  1.986084  0.304688
-1.357  0.269165  1.502075  0.285156
-1.367  0.253296  2.050171  0.265625
-1.377  0.237427  2.444458  0.246094
-1.387  0.219116  2.369385  0.226562
-1.396  0.200806  2.016602  0.207031
-1.406  0.166626  1.768188  0.1875
-1.416  0.151367  1.978149  0.167969
-1.426  0.134277  2.160645  0.148438
-1.436  0.117798  2.148438  0.128906
-1.445  0.100098  2.001953  0.109375
-1.455  0.083618  1.859741  0.089844
-1.465  0.05188  1.968384  0.070312
-1.475  0.03479  2.061157  0.050781
-1.484  0.018311  2.06543  0.03125
-1.494  0.00061  1.981812  0.011719
-1.504  -0.015869  1.893311  -0.007812
-1.514  -0.047607  1.900024  -0.027344
-1.523  -0.064087  2.023315  -0.046875
-1.533  -0.080566  2.058105  -0.066406
-1.543  -0.097656  1.984863  -0.085938
-1.553  -0.114136  1.90918  -0.105469
-1.563  -0.146484  1.904907  -0.125
-1.572  -0.162354  1.949463  -0.144531
-1.582  -0.178223  1.99585  -0.164062
-1.592  -0.195312  1.994629  -0.183594
-1.602  -0.211792  1.92688  -0.203125
-1.611  -0.24353  1.905518  -0.222656
-1.621  -0.26001  1.96106  -0.242188
-1.631  -0.276489  1.963501  -0.261719
-1.641  -0.292358  1.942139  -0.28125
-1.65  -0.308838  1.934814  -0.300781
-1.66  -0.341187  1.915283  -0.320312
-1.67  -0.356445  1.92688  -0.339844
-1.68  -0.373535  1.940918  -0.359375
-1.689  -0.388794  1.94519  -0.378906
-1.699  -0.405273  1.932983  -0.398438
-1.709  -0.421143  1.923218  -0.417969
-1.719  -0.453491  1.936035  -0.4375
-1.729  -0.469971  1.941528  -0.457031
-1.738  -0.48584  1.940308  -0.476562
-1.748  -0.501709  1.932373  -0.496094
-1.758  -0.505371  1.447144  -0.484375
-1.768  -0.481567  -3.515015  -0.464844
-1.777  -0.460815  -3.589478  -0.445312
-1.787  -0.440674  -3.259277  -0.425781
-1.797  -0.418701  -2.182007  -0.40625
-1.807  -0.39917  -1.295776  -0.386719
-1.816  -0.366821  -1.971436  -0.367188
-1.826  -0.350952  -2.563477  -0.347656
-1.836  -0.332642  -2.600708  -0.328125
-1.846  -0.313721  -2.156982  -0.308594
-1.855  -0.29541  -1.727295  -0.289062
-1.865  -0.262451  -1.96228  -0.269531
-1.875  -0.245361  -2.214966  -0.25
-1.885  -0.228882  -2.235718  -0.230469
-1.895  -0.211182  -2.08252  -0.210938
-1.904  -0.193481  -1.901245  -0.191406
-1.914  -0.159912  -1.936646  -0.171875
-1.924  -0.143433  -2.06665  -0.152344
-1.934  -0.126953  -2.102661  -0.132812
-1.943  -0.109253  -2.014771  -0.113281
-1.953  -0.092773  -1.911011  -0.09375
-1.963  -0.076294  -1.904907  -0.074219
-1.973  -0.043335  -2.020874  -0.054688
-1.982  -0.026855  -2.000122  -0.035156
-1.992  -0.009766  -1.965332  -0.015625
-2.002  0.006104  -1.92688  0.003906
-2.012  0.023193  -1.899414  0.023438
-2.021  0.054932  -1.983032  0.042969
-2.031  0.072021  -2.006836  0.0625
-2.041  0.088501  -1.971436  0.082031
-2.051  0.10437  -1.931763  0.101562
-2.061  0.12085  -1.924438  0.121094
-2.07  0.153809  -1.936646  0.140625
-2.08  0.169067  -1.950684  0.160156
-2.09  0.185547  -1.972046  0.179688
-2.1  0.202637  -1.96106  0.199219
-2.109  0.217896  -1.914673  0.21875
-2.119  0.250854  -1.932373  0.238281
-2.129  0.266724  -1.938477  0.257812
-2.139  0.283203  -1.946411  0.277344
-2.148  0.299072  -1.940918  0.296875
-2.158  0.315552  -1.940918  0.316406
-2.168  0.331421  -1.92627  0.335938
-2.178  0.36377  -1.923218  0.355469
-2.188  0.379639  -1.939697  0.375
-2.197  0.396118  -1.930542  0.394531
-2.207  0.411987  -1.940308  0.414062
-2.217  0.428467  -1.940918  0.433594
-2.227  0.460815  -1.9104  0.453125
-2.236  0.476685  -1.901855  0.472656
-2.246  0.492554  -1.930542  0.492188
-2.256  0.497437  -1.541138  0.488281
-2.266  0.488281  1.130981  0.46875
-2.275  0.454102  3.912964  0.449219
-2.285  0.43335  3.677368  0.429688
-2.295  0.409546  1.865845  0.410156
-2.305  0.388794  0.554199  0.390625
-2.314  0.374146  0.90332  0.371094
-2.324  0.344849  3.063354  0.351562
-2.334  0.325317  2.895508  0.332031
-2.344  0.305176  2.045288  0.3125
-2.354  0.285645  1.397095  0.292969
-2.363  0.269775  1.459961  0.273438
-2.373  0.238647  2.431641  0.253906
-2.383  0.220337  2.411499  0.234375
-2.393  0.202637  2.057495  0.214844
-2.402  0.184937  1.769409  0.195312
-2.412  0.167847  1.746216  0.175781
-2.422  0.151978  1.936035  0.15625
-2.432  0.118408  2.166748  0.136719
-2.441  0.101929  2.03125  0.117188
-2.451  0.084839  1.878052  0.097656
-2.461  0.068359  1.85791  0.078125
-2.471  0.05249  1.964722  0.058594
-2.48  0.018921  2.037354  0.039062
-2.49  0.001831  1.970215  0.019531
-2.5  -0.014038  1.918945  0
-2.51  -0.031128  1.880493  -0.019531
-2.52  -0.047607  1.908569  -0.039062
-2.529  -0.079956  2.03064  -0.058594
-2.539  -0.096436  1.974487  -0.078125
-2.549  -0.112305  1.932373  -0.097656
-2.559  -0.128784  1.925049  -0.117188
-2.568  -0.145264  1.945801  -0.136719
-2.578  -0.177612  1.942139  -0.15625
-2.588  -0.194092  1.952515  -0.175781
-2.598  -0.209961  1.947021  -0.195312
-2.607  -0.22644  1.929321  -0.214844
-2.617  -0.24231  1.930542  -0.234375
-2.627  -0.274658  1.921997  -0.253906
-2.637  -0.291138  1.939087  -0.273438
-2.646  -0.307007  1.948242  -0.292969
-2.656  -0.323486  1.953735  -0.3125
-2.666  -0.339966  1.933594  -0.332031
-2.676  -0.355835  1.917114  -0.351562
-2.686  -0.387573  1.937866  -0.371094
-2.695  -0.404053  1.950073  -0.390625
-2.705  -0.419922  1.94397  -0.410156
-2.715  -0.436401  1.925659  -0.429688
-2.725  -0.452271  1.922607  -0.449219
-2.734  -0.485229  1.936646  -0.46875
-2.744  -0.501099  1.938477  -0.488281
-2.754  -0.505981  1.570435  -0.492188
-2.764  -0.496826  -1.013184  -0.472656
-2.773  -0.483398  -3.462524  -0.453125
-2.783  -0.441284  -3.309937  -0.433594
-2.793  -0.420532  -2.271729  -0.414062
-2.803  -0.400391  -1.333008  -0.394531
-2.813  -0.383911  -1.279297  -0.375
-2.822  -0.368042  -1.916504  -0.355469
-2.832  -0.334473  -2.616577  -0.335938
-2.842  -0.314941  -2.201538  -0.316406
-2.852  -0.296631  -1.745605  -0.296875
-2.861  -0.280151  -1.661987  -0.277344
-2.871  -0.263062  -1.936646  -0.257812
-2.881  -0.229492  -2.249146  -0.238281
-2.891  -0.211792  -2.095947  -0.21875
-2.9  -0.194092  -1.902466  -0.199219
-2.91  -0.177612  -1.843262  -0.179688
-2.92  -0.161133  -1.923828  -0.160156
-2.93  -0.144653  -2.045898  -0.140625
-2.939  -0.111084  -2.044067  -0.121094
-2.949  -0.093994  -1.940308  -0.101562
-2.959  -0.077515  -1.900024  -0.082031
-2.969  -0.061035  -1.946411  -0.0625
-2.979  -0.044556  -1.988525  -0.042969
-2.988  -0.010986  -1.984253  -0.023438
-2.998  0.005493  -1.962891  -0.003906
-3.008  0.022583  -1.903076  0.015625
-3.018  0.037842  -1.900024  0.035156
-3.027  0.053711  -1.966553  0.054688
-3.037  0.08728  -1.977539  0.074219
-3.047  0.10376  -1.930542  0.09375
-3.057  0.119629  -1.911011  0.113281
-3.066  0.136108  -1.929932  0.132812
-3.076  0.152588  -1.945801  0.152344
-3.086  0.184937  -1.957397  0.171875
-3.096  0.200806  -1.943359  0.191406
-3.105  0.217896  -1.92688  0.210938
-3.115  0.233765  -1.934204  0.230469
-3.125  0.250244  -1.936035  0.25
-3.135  0.282593  -1.905518  0.269531
-3.145  0.297852  -1.936646  0.289062
-3.154  0.314331  -1.964111  0.308594
-3.164  0.3302  -1.951904  0.328125
-3.174  0.34668  -1.925659  0.347656
-3.184  0.362549  -1.9104  0.367188
-3.193  0.394897  -1.923218  0.386719
-3.203  0.411377  -1.929932  0.40625
-3.213  0.427246  -1.928101  0.425781
-3.223  0.443726  -1.931152  0.445312
-3.232  0.458984  -1.913452  0.464844
-3.242  0.491943  -1.956787  0.484375
-3.252  0.498657  -1.617432  0.496094
-3.262  0.488892  0.936279  0.476562
-3.271  0.476074  3.638916  0.457031
-3.281  0.454712  3.912354  0.4375
-3.291  0.410767  1.968994  0.417969
-3.301  0.390015  0.57251  0.398438
-3.311  0.375366  0.848389  0.378906
-3.32  0.361328  2.131348  0.359375
-3.33  0.346069  3.045654  0.339844
-3.34  0.306396  2.095947  0.320312
-3.35  0.286865  1.421509  0.300781
-3.359  0.270996  1.448975  0.28125
-3.369  0.255737  1.976929  0.261719
-3.379  0.239868  2.43103  0.242188
-3.389  0.203857  2.072754  0.222656
-3.398  0.185547  1.771851  0.203125
-3.408  0.169678  1.733398  0.183594
-3.418  0.153198  1.931152  0.164062
-3.428  0.137939  2.144165  0.144531
-3.438  0.120239  2.186279  0.125
-3.447  0.08606  1.864624  0.105469
-3.457  0.07019  1.859131  0.085938
-3.467  0.053101  1.968384  0.066406
-3.477  0.036621  2.040405  0.046875
-3.486  0.020142  2.041016  0.027344
-3.496  -0.012817  1.917725  0.007812
-3.506  -0.029907  1.871338  -0.011719
-3.516  -0.045776  1.921387  -0.03125
-3.525  -0.062256  1.988525  -0.050781
-3.535  -0.078125  2.017212  -0.070312
-3.545  -0.111694  1.951294  -0.089844
-3.555  -0.128174  1.906128  -0.109375
-3.564  -0.144653  1.896973  -0.128906
-3.574  -0.160522  1.90979  -0.148438
-3.584  -0.175781  1.975708  -0.167969
-3.594  -0.209351  1.960449  -0.1875
-3.604  -0.22583  1.911621  -0.207031
-3.613  -0.241699  1.895142  -0.226562
-3.623  -0.257568  1.928711  -0.246094
-3.633  -0.274048  1.950073  -0.265625
-3.643  -0.305786  1.948853  -0.285156
-3.652  -0.322266  1.943359  -0.304688
-3.662  -0.338745  1.925049  -0.324219
-3.672  -0.354614  1.916504  -0.34375
-3.682  -0.370483  1.921387  -0.363281
-3.691  -0.386963  1.943359  -0.382812
-3.701  -0.418701  1.942749  -0.402344
-3.711  -0.435791  1.931152  -0.421875
-3.721  -0.45166  1.919556  -0.441406
-3.73  -0.46814  1.911011  -0.460938
-3.74  -0.483398  1.929932  -0.480469
-3.75  -0.506592  1.661377  -0.5
-3.76  -0.497437  -0.786743  -0.480469
-3.77  -0.484619  -3.393555  -0.460938
-3.779  -0.463867  -3.594971  -0.441406
-3.789  -0.442505  -3.35022  -0.421875
-3.799  -0.401611  -1.369629  -0.402344
-3.809  -0.385132  -1.257324  -0.382812
-3.818  -0.368652  -1.890259  -0.363281
-3.828  -0.353394  -2.507324  -0.34375
-3.838  -0.335693  -2.62146  -0.324219
-3.848  -0.297241  -1.772461  -0.304688
-3.857  -0.280762  -1.655884  -0.285156
-3.867  -0.264282  -1.917114  -0.265625
-3.877  -0.247803  -2.199707  -0.246094
-3.887  -0.230713  -2.251587  -0.226562
-3.896  -0.213013  -2.093506  -0.207031
-3.906  -0.178833  -1.836548  -0.1875
-3.916  -0.162354  -1.930542  -0.167969
-3.926  -0.145874  -2.062988  -0.148438
-3.936  -0.129395  -2.10022  -0.128906
-3.945  -0.111694  -2.034302  -0.109375
-3.955  -0.078125  -1.902466  -0.089844
-3.965  -0.062256  -1.949463  -0.070312
-3.975  -0.045166  -2.005005  -0.050781
-3.984  -0.029297  -2.018433  -0.03125
-3.994  -0.012207  -1.97998  -0.011719
-4.004  0.020752  -1.914673  0.007812
-4.014  0.037231  -1.905518  0.027344
-4.023  0.053101  -1.956787  0.046875
-4.033  0.06958  -1.993408  0.066406
-4.043  0.08606  -1.983032  0.085938
-4.053  0.119019  -1.922607  0.105469
-4.063  0.134888  -1.923828  0.125
-4.072  0.150757  -1.940918  0.144531
-4.082  0.167236  -1.964111  0.164062
-4.092  0.183105  -1.970215  0.183594
-4.102  0.216064  -1.904297  0.203125
-4.111  0.232544  -1.915894  0.222656
-4.121  0.248413  -1.955566  0.242188
-4.131  0.264893  -1.96167  0.261719
-4.141  0.280762  -1.923218  0.28125
-4.15  0.297241  -1.912842  0.300781
-4.16  0.32959  -1.956177  0.320312
-4.17  0.345459  -1.940918  0.339844
-4.18  0.361938  -1.934204  0.359375
-4.189  0.377808  -1.928101  0.378906
-4.199  0.394287  -1.919556  0.398438
-4.209  0.426025  -1.934814  0.417969
-4.219  0.442505  -1.943359  0.4375
-4.229  0.458374  -1.934204  0.457031
-4.238  0.474854  -1.918945  0.476562
-4.248  0.490112  -1.924438  0.496094
-4.258  0.489502  0.678711  0.484375
-4.268  0.477295  3.522949  0.464844
-4.277  0.456543  3.912354  0.445312
-4.287  0.437012  3.7854  0.425781
-4.297  0.411987  2.131958  0.40625
-4.307  0.375977  0.772705  0.386719
-4.316  0.362549  2.021484  0.367188
-4.326  0.34729  3.007202  0.347656
-4.336  0.328369  2.955933  0.328125
-4.346  0.308228  2.165527  0.308594
-4.355  0.272217  1.414185  0.289062
-4.365  0.256958  1.928711  0.269531
-4.375  0.241089  2.415771  0.25
-4.385  0.223389  2.434082  0.230469
-4.395  0.205688  2.095337  0.210938
-4.404  0.187378  1.765747  0.191406
-4.414  0.155029  1.92749  0.171875
-4.424  0.13916  2.15271  0.152344
-4.434  0.12146  2.177734  0.132812
-4.443  0.10437  2.034302  0.113281
-4.453  0.08728  1.886597  0.09375
-4.463  0.054321  1.939087  0.074219
-4.473  0.037842  2.019653  0.054688
-4.482  0.021362  2.039185  0.035156
-4.492  0.004883  1.99585  0.015625
-4.502  -0.011597  1.943359  -0.003906
-4.512  -0.044556  1.882324  -0.023438
-4.521  -0.060425  1.973267  -0.042969
-4.531  -0.076904  2.041626  -0.0625
-4.541  -0.093994  1.999512  -0.082031
-4.551  -0.109863  1.932983  -0.101562
-4.561  -0.142822  1.920776  -0.121094
-4.57  -0.159302  1.949463  -0.140625
-4.58  -0.174561  1.973267  -0.160156
-4.59  -0.19165  1.968384  -0.179688
-4.6  -0.20752  1.947632  -0.199219
-4.609  -0.239868  1.90918  -0.21875
-4.619  -0.256348  1.932373  -0.238281
-4.629  -0.272827  1.940918  -0.257812
-4.639  -0.288696  1.938477  -0.277344
-4.648  -0.304565  1.953125  -0.296875
-4.658  -0.321045  1.956787  -0.316406
-4.668  -0.353394  1.920776  -0.335938
-4.678  -0.369873  1.915283  -0.355469
-4.688  -0.385742  1.922607  -0.375
-4.697  -0.401611  1.932983  -0.394531
-4.707  -0.418091  1.942139  -0.414062
-4.717  -0.449829  1.937256  -0.433594
-4.727  -0.466309  1.934814  -0.453125
-4.736  -0.482178  1.928711  -0.472656
-4.746  -0.498657  1.92749  -0.492188
-4.756  -0.506592  1.712036  -0.488281
-4.766  -0.48584  -3.294678  -0.46875
-4.775  -0.465088  -3.598022  -0.449219
-4.785  -0.444336  -3.391724  -0.429688
-4.795  -0.422974  -2.435303  -0.410156
-4.805  -0.402832  -1.437378  -0.390625
-4.814  -0.369873  -1.812134  -0.371094
-4.824  -0.354004  -2.473145  -0.351562
-4.834  -0.336304  -2.631226  -0.332031
-4.844  -0.317383  -2.260742  -0.3125
-4.854  -0.299072  -1.810913  -0.292969
-4.863  -0.265503  -1.883545  -0.273438
-4.873  -0.249023  -2.1698  -0.253906
-4.883  -0.231934  -2.241821  -0.234375
-4.893  -0.214233  -2.11792  -0.214844
-4.902  -0.196533  -1.934814  -0.195312
-4.912  -0.179443  -1.854858  -0.175781
-4.922  -0.146484  -2.033691  -0.15625
-4.932  -0.130005  -2.093506  -0.136719
-4.941  -0.112915  -2.049561  -0.117188
-4.951  -0.095825  -1.947021  -0.097656
-4.961  -0.079346  -1.918335  -0.078125
-4.971  -0.046387  -1.997681  -0.058594
-4.98  -0.029297  -2.005005  -0.039062
-4.99  -0.012817  -1.976318  -0.019531
