1.000000000000000000e+03 9.961786809986327151e-01
6.260606060606060782e+04 1.016629000562195850e+00
1.242121212121212156e+05 1.002569585848529732e+00
1.858181818181818235e+05 1.015998935233115796e+00
2.474242424242424313e+05 1.006883052547212776e+00
3.090303030303030391e+05 1.027854866892794705e+00
3.706363636363636469e+05 1.027467282873045118e+00
4.322424242424242548e+05 1.021319013079011295e+00
4.938484848484848626e+05 1.014363385539235551e+00
5.554545454545454122e+05 1.014614507364071994e+00
6.170606060606060782e+05 1.008991119869154129e+00
6.786666666666667443e+05 1.013861514627993898e+00
7.402727272727272939e+05 1.014237871236416844e+00
8.018787878787878435e+05 1.012607981983678851e+00
8.634848484848485095e+05 1.012607981983678851e+00
9.250909090909091756e+05 1.015495444995181407e+00
9.866969696969697252e+05 1.012607981983678851e+00
1.048303030303030275e+06 1.012607981983678851e+00
1.109909090909090824e+06 1.012607981983678851e+00
1.171515151515151607e+06 1.012607981983678851e+00
1.233121212121212156e+06 1.012607981983678851e+00
1.294727272727272706e+06 1.012607981983678851e+00
1.356333333333333489e+06 1.004044290401738149e+00
1.417939393939394038e+06 1.009488179398163377e+00
1.479545454545454588e+06 1.011982889393306051e+00
1.541151515151515137e+06 1.010858643549003455e+00
1.602757575757575687e+06 1.000000000000000000e+00
1.664363636363636469e+06 1.002938610127674046e+00
1.725969696969697019e+06 1.005770103081377931e+00
1.787575757575757569e+06 1.000000000000000000e+00
1.849181818181818351e+06 1.000977955462486912e+00
1.910787878787878901e+06 1.000000000000000000e+00
1.972393939393939450e+06 1.000000000000000000e+00
2.034000000000000000e+06 1.000000000000000000e+00
2.095606060606060550e+06 1.000000000000000000e+00
2.157212121212121099e+06 1.000000000000000000e+00
2.218818181818181649e+06 1.000000000000000000e+00
2.280424242424242664e+06 1.000000000000000000e+00
2.342030303030303214e+06 1.000000000000000000e+00
2.403636363636363763e+06 1.000000000000000000e+00
2.465242424242424313e+06 9.593509999999999538e-01
2.526848484848484863e+06 9.409180000000000321e-01
2.588454545454545412e+06 9.162599999999999634e-01
2.650060606060605962e+06 8.792720000000000535e-01
2.711666666666666977e+06 8.532710000000000017e-01
2.773272727272727527e+06 8.306879999999999820e-01
2.834878787878788076e+06 7.990720000000000045e-01
2.896484848484848626e+06 7.766110000000000513e-01
2.958090909090909176e+06 7.598880000000000079e-01
3.019696969696969725e+06 7.449949999999999628e-01
3.081303030303030275e+06 7.227780000000000316e-01
3.142909090909090824e+06 6.993409999999999904e-01
3.204515151515151374e+06 6.782230000000000203e-01
3.266121212121212389e+06 6.589359999999999662e-01
3.327727272727272939e+06 6.444090000000000096e-01
3.389333333333333489e+06 6.354980000000000073e-01
3.450939393939394038e+06 6.125490000000000101e-01
3.512545454545454588e+06 5.850830000000000197e-01
3.574151515151515137e+06 5.811770000000000547e-01
3.635757575757575687e+06 5.703120000000000411e-01
3.697363636363636702e+06 5.661620000000000541e-01
3.758969696969697252e+06 5.471190000000000220e-01
3.820575757575757802e+06 5.421139999999999848e-01
3.882181818181818351e+06 5.096439999999999859e-01
3.943787878787878901e+06 5.070799999999999752e-01
4.005393939393939450e+06 5.065920000000000423e-01
4.067000000000000000e+06 4.873049999999999882e-01
4.128606060606060550e+06 4.724119999999999986e-01
4.190212121212121099e+06 4.722899999999999876e-01
4.251818181818181649e+06 4.506839999999999735e-01
4.313424242424242198e+06 4.338380000000000014e-01
4.375030303030302748e+06 4.321289999999999853e-01
4.436636363636363298e+06 4.254149999999999876e-01
4.498242424242424779e+06 4.141850000000000254e-01
4.559848484848485328e+06 4.169919999999999738e-01
4.621454545454545878e+06 4.018550000000000177e-01
4.683060606060606427e+06 3.988039999999999918e-01
4.744666666666666977e+06 3.897709999999999786e-01
4.806272727272727527e+06 3.918460000000000276e-01
4.867878787878788076e+06 3.786619999999999986e-01
4.929484848484848626e+06 3.585209999999999786e-01
4.991090909090909176e+06 3.636469999999999980e-01
5.052696969696969725e+06 3.562009999999999899e-01
5.114303030303030275e+06 3.413089999999999735e-01
5.175909090909090824e+06 3.447270000000000056e-01
5.237515151515151374e+06 3.323969999999999980e-01
5.299121212121211924e+06 3.262939999999999729e-01
5.360727272727272473e+06 3.251950000000000118e-01
5.422333333333333954e+06 3.203119999999999856e-01
5.483939393939394504e+06 3.149410000000000265e-01
5.545545454545455053e+06 3.099370000000000180e-01
5.607151515151515603e+06 3.171390000000000042e-01
5.668757575757576153e+06 3.005369999999999986e-01
5.730363636363636702e+06 3.178710000000000147e-01
5.791969696969697252e+06 3.109129999999999949e-01
5.853575757575757802e+06 2.943120000000000180e-01
5.915181818181818351e+06 2.952879999999999949e-01
5.976787878787878901e+06 2.895510000000000028e-01
6.038393939393939450e+06 2.880860000000000087e-01
6.100000000000000000e+06 2.800289999999999724e-01
