1.000000000000000000e+03 2.822189256811340474e+00
6.260606060606060782e+04 2.651564143820781094e+00
1.242121212121212156e+05 2.758274173404325236e+00
1.858181818181818235e+05 2.834181598651719369e+00
2.474242424242424313e+05 2.746008045104806783e+00
3.090303030303030391e+05 2.618235568694569970e+00
3.706363636363636469e+05 2.588115845796304715e+00
4.322424242424242548e+05 2.739041845162044631e+00
4.938484848484848626e+05 2.585819869775917379e+00
5.554545454545454122e+05 2.598421560127377017e+00
6.170606060606060782e+05 2.619480923213940660e+00
6.786666666666667443e+05 2.631579392320308131e+00
7.402727272727272939e+05 2.385803124287522170e+00
8.018787878787878435e+05 2.347781136304445848e+00
8.634848484848485095e+05 2.274395890551910160e+00
9.250909090909091756e+05 2.333666407914512853e+00
9.866969696969697252e+05 2.186271202775635913e+00
1.048303030303030275e+06 2.161739875099976338e+00
1.109909090909090824e+06 2.036903890815385143e+00
1.171515151515151607e+06 1.923081218193130493e+00
1.233121212121212156e+06 1.931303268514687588e+00
1.294727272727272706e+06 1.833333333333333481e+00
1.356333333333333489e+06 1.818904312811274959e+00
1.417939393939394038e+06 1.710405222514131074e+00
1.479545454545454588e+06 1.693225303731264120e+00
1.541151515151515137e+06 1.547481388821088766e+00
1.602757575757575687e+06 1.612732754621959863e+00
1.664363636363636469e+06 1.526889090152497852e+00
1.725969696969697019e+06 1.467243842189584146e+00
1.787575757575757569e+06 1.396958145324412870e+00
1.849181818181818351e+06 1.364859842644210008e+00
1.910787878787878901e+06 1.333008949795000175e+00
1.972393939393939450e+06 1.282218848498393404e+00
2.034000000000000000e+06 1.231766539084128809e+00
2.095606060606060550e+06 1.236991847461506255e+00
2.157212121212121099e+06 1.172806176124760125e+00
2.218818181818181649e+06 1.145404105220285018e+00
2.280424242424242664e+06 1.146947382027646123e+00
2.342030303030303214e+06 1.091675415539530958e+00
2.403636363636363763e+06 1.082463660081997681e+00
2.465242424242424313e+06 1.026340734118880160e+00
2.526848484848484863e+06 1.086222994422297639e+00
2.588454545454545412e+06 1.025593241396446809e+00
2.650060606060605962e+06 9.273268520611952503e-01
2.711666666666666977e+06 9.223033434422853727e-01
2.773272727272727527e+06 9.513791272295629708e-01
2.834878787878788076e+06 9.487649811133046507e-01
2.896484848484848626e+06 8.906465645959275035e-01
2.958090909090909176e+06 9.035598407621328043e-01
3.019696969696969725e+06 8.798531193216232449e-01
3.081303030303030275e+06 8.249481327800830543e-01
3.142909090909090824e+06 8.248211736390884674e-01
3.204515151515151374e+06 7.387415312403134982e-01
3.266121212121212389e+06 8.116223541063655178e-01
3.327727272727272939e+06 8.009312178988919895e-01
3.389333333333333489e+06 7.355590222839989423e-01
3.450939393939394038e+06 7.504553192438355724e-01
3.512545454545454588e+06 6.739110754938190118e-01
3.574151515151515137e+06 6.967261085599223414e-01
3.635757575757575687e+06 7.166538548496496075e-01
3.697363636363636702e+06 7.176889749885493330e-01
3.758969696969697252e+06 6.746468644467845666e-01
3.820575757575757802e+06 6.408445829006577110e-01
3.882181818181818351e+06 6.561126561666931201e-01
3.943787878787878901e+06 6.303740734356144682e-01
4.005393939393939450e+06 6.807889601123118251e-01
4.067000000000000000e+06 6.182995154451846886e-01
4.128606060606060550e+06 6.058884393962969961e-01
4.190212121212121099e+06 6.304949011079437060e-01
4.251818181818181649e+06 6.224017997217534681e-01
4.313424242424242198e+06 5.901939686092221304e-01
4.375030303030302748e+06 6.003558874898605735e-01
4.436636363636363298e+06 5.387250962311238567e-01
4.498242424242424779e+06 5.852793669936611209e-01
4.559848484848485328e+06 5.414112773631396536e-01
4.621454545454545878e+06 5.624989942875532334e-01
4.683060606060606427e+06 5.564537913822212856e-01
4.744666666666666977e+06 4.973906725269089391e-01
4.806272727272727527e+06 5.425343999999999722e-01
4.867878787878788076e+06 5.417037069002719196e-01
4.929484848484848626e+06 5.139599551085473061e-01
4.991090909090909176e+06 5.272733720592094331e-01
5.052696969696969725e+06 5.269185718623919934e-01
5.114303030303030275e+06 4.936381764996073951e-01
5.175909090909090824e+06 4.986746778881609443e-01
5.237515151515151374e+06 4.794877539874808914e-01
5.299121212121211924e+06 5.000006918930887112e-01
5.360727272727272473e+06 4.546205529243308452e-01
5.422333333333333954e+06 4.965343688107390907e-01
5.483939393939394504e+06 4.401635711695741082e-01
5.545545454545455053e+06 4.549216373159510329e-01
5.607151515151515603e+06 4.918157827890830558e-01
5.668757575757576153e+06 4.541760512380990100e-01
5.730363636363636702e+06 4.619785387026765777e-01
5.791969696969697252e+06 4.171485300970479981e-01
5.853575757575757802e+06 4.571192810132622131e-01
5.915181818181818351e+06 4.298307734755816845e-01
5.976787878787878901e+06 4.737736673053082326e-01
6.038393939393939450e+06 4.457635803470082481e-01
6.100000000000000000e+06 4.560668796358500754e-01
