1.000000000000000000e+03 1.021811889122095307e+00
6.260606060606060782e+04 1.028385919725262942e+00
1.242121212121212156e+05 1.051426805976856560e+00
1.858181818181818235e+05 1.023174436688487843e+00
2.474242424242424313e+05 1.043287721052870820e+00
3.090303030303030391e+05 1.029638688559969761e+00
3.706363636363636469e+05 1.028826505126831270e+00
4.322424242424242548e+05 1.016366202719362510e+00
4.938484848484848626e+05 1.007638156836820453e+00
5.554545454545454122e+05 1.036951077433973412e+00
6.170606060606060782e+05 1.032723471921956904e+00
6.786666666666667443e+05 1.013050105630977971e+00
7.402727272727272939e+05 1.010863274119585098e+00
8.018787878787878435e+05 1.045105531623438555e+00
8.634848484848485095e+05 1.020671581255627069e+00
9.250909090909091756e+05 1.029638688559969761e+00
9.866969696969697252e+05 1.036380714969562300e+00
1.048303030303030275e+06 1.039477939062949163e+00
1.109909090909090824e+06 1.027167089622011531e+00
1.171515151515151607e+06 1.007834215523488952e+00
1.233121212121212156e+06 1.062153930081374709e+00
1.294727272727272706e+06 1.029671239782506964e+00
1.356333333333333489e+06 1.022633980985337310e+00
1.417939393939394038e+06 9.978483814361170934e-01
1.479545454545454588e+06 1.029901387112284405e+00
1.541151515151515137e+06 1.064691721759126297e+00
1.602757575757575687e+06 1.074974258928087512e+00
1.664363636363636469e+06 1.063526244952893718e+00
1.725969696969697019e+06 1.059718750833874346e+00
1.787575757575757569e+06 1.047877129333321555e+00
1.849181818181818351e+06 1.053083757133601361e+00
1.910787878787878901e+06 1.034295648509113930e+00
1.972393939393939450e+06 1.061069520627490270e+00
2.034000000000000000e+06 1.060573876101264190e+00
2.095606060606060550e+06 1.076922403682893048e+00
2.157212121212121099e+06 1.110040434805440235e+00
2.218818181818181649e+06 1.101598093502488274e+00
2.280424242424242664e+06 1.107526976436908228e+00
2.342030303030303214e+06 1.129268847695566125e+00
2.403636363636363763e+06 1.145332255284364997e+00
2.465242424242424313e+06 1.171120417747248954e+00
2.526848484848484863e+06 1.147438253776540851e+00
2.588454545454545412e+06 1.196061013907582016e+00
2.650060606060605962e+06 1.166843681443047842e+00
2.711666666666666977e+06 1.163657415468189571e+00
2.773272727272727527e+06 1.129069137733918815e+00
2.834878787878788076e+06 1.175722361809045102e+00
2.896484848484848626e+06 1.110512437373648797e+00
2.958090909090909176e+06 1.093485126192873302e+00
3.019696969696969725e+06 1.045453776107782451e+00
3.081303030303030275e+06 1.047366923348883816e+00
3.142909090909090824e+06 1.058574120603015034e+00
3.204515151515151374e+06 1.070507097971258093e+00
3.266121212121212389e+06 1.022911902242550353e+00
3.327727272727272939e+06 1.009407555148475133e+00
3.389333333333333489e+06 9.866659945050789693e-01
3.450939393939394038e+06 9.771746150446989354e-01
3.512545454545454588e+06 9.734021229498196481e-01
3.574151515151515137e+06 9.675747007257988752e-01
3.635757575757575687e+06 9.442706660128840079e-01
3.697363636363636702e+06 9.191366978861843506e-01
3.758969696969697252e+06 8.954332620863446612e-01
3.820575757575757802e+06 9.509419118715954911e-01
3.882181818181818351e+06 9.097522009585641278e-01
3.943787878787878901e+06 8.707074886222589960e-01
4.005393939393939450e+06 8.934371878698349478e-01
4.067000000000000000e+06 8.416745462608884454e-01
4.128606060606060550e+06 8.618589960137829076e-01
4.190212121212121099e+06 8.289507068529496925e-01
4.251818181818181649e+06 8.076166007256250223e-01
4.313424242424242198e+06 7.977990618952340851e-01
4.375030303030302748e+06 7.896281352859020330e-01
4.436636363636363298e+06 7.898383635636713196e-01
4.498242424242424779e+06 7.635491238973051153e-01
4.559848484848485328e+06 7.566771733934026800e-01
4.621454545454545878e+06 7.590585233563874601e-01
4.683060606060606427e+06 7.186588709090466764e-01
4.744666666666666977e+06 7.269128013647921938e-01
4.806272727272727527e+06 7.310368762156883582e-01
4.867878787878788076e+06 6.889511577510180063e-01
4.929484848484848626e+06 7.007808757305740155e-01
4.991090909090909176e+06 6.768950431593085959e-01
5.052696969696969725e+06 6.628799280095574176e-01
5.114303030303030275e+06 6.474554397009639750e-01
5.175909090909090824e+06 6.628251032854614033e-01
5.237515151515151374e+06 6.300578490872787985e-01
5.299121212121211924e+06 6.047150199003051840e-01
5.360727272727272473e+06 6.028442974282519629e-01
5.422333333333333954e+06 6.025025427537431533e-01
5.483939393939394504e+06 6.050317607594033475e-01
5.545545454545455053e+06 5.872416946521474834e-01
5.607151515151515603e+06 5.564905114848894829e-01
5.668757575757576153e+06 5.600375018251400050e-01
5.730363636363636702e+06 5.726232609226263870e-01
5.791969696969697252e+06 5.480873815369788904e-01
5.853575757575757802e+06 5.342592311659940529e-01
5.915181818181818351e+06 5.361384468944634385e-01
5.976787878787878901e+06 5.277776934979823142e-01
6.038393939393939450e+06 5.116049288811136408e-01
6.100000000000000000e+06 5.041773788697041514e-01
