TIME  IN1  IN2
5  0.203857  4.302979
4.99  0.363159  4.302368
4.98  0.52124  4.301147
4.971  0.681152  4.299927
4.961  0.838623  4.298096
4.951  0.998535  4.298706
4.941  1.314087  4.295654
4.932  1.470947  4.295044
4.922  1.620483  -0.690308
4.912  1.780396  -4.588623
4.902  1.940918  -4.594116
4.893  2.254639  -4.544067
4.883  2.41333  -4.51416
4.873  2.56958  -4.484863
4.863  2.72644  -4.458008
4.854  2.88269  -4.432983
4.844  3.19519  -4.386597
4.834  3.352661  -4.365845
4.824  3.508911  -4.346924
4.814  3.666382  -4.328003
4.805  3.823242  -4.310303
4.795  4.136353  -4.279175
4.785  4.294434  -4.265137
4.775  4.451294  -4.25293
4.766  4.609985  -4.240112
4.756  4.768677  -4.228516
4.746  4.914551  -4.21814
4.736  4.630127  -4.192505
4.727  4.451294  -4.18335
4.717  4.272461  -4.176636
4.707  4.09668  -4.16748
4.697  3.922729  -4.160767
4.688  3.577881  -4.147339
4.678  3.405762  -4.141235
4.668  3.234863  -4.135132
4.658  3.063965  -4.130859
4.648  2.895508  -4.125366
4.639  2.560425  -4.115601
4.629  2.393188  -4.111938
4.619  2.227173  -4.107666
4.609  2.062378  -4.104614
4.6  1.898804  -4.100342
4.59  1.570435  -4.095459
4.58  1.408081  -4.091187
4.57  1.243896  -4.089355
4.561  1.083374  -4.085693
4.551  0.922241  -4.083862
4.541  0.598755  -4.0802
4.531  0.438232  -4.077148
4.521  0.276489  -4.076538
4.512  0.119019  -4.074097
4.502  -0.040894  -4.071655
4.492  -0.200806  -4.071045
4.482  -0.518799  -4.067993
4.473  -0.67749  -4.067383
4.463  -0.835571  -4.066162
4.453  -0.994263  -4.067383
4.443  -1.152954  -4.0625
4.434  -1.463623  -0.436401
4.424  -1.619263  4.828491
4.414  -1.780396  4.828491
4.404  -1.939697  4.806519
4.395  -2.097168  4.777832
4.385  -2.411499  4.719238
4.375  -2.568359  4.691162
4.365  -2.72583  4.666138
4.355  -2.88269  4.641724
4.346  -3.03833  4.619751
4.336  -3.35022  4.578857
4.326  -3.508301  4.559326
4.316  -3.664551  4.542847
4.307  -3.821411  4.526978
4.297  -3.97583  4.511108
4.287  -4.28772  4.484253
4.277  -4.44397  4.471436
4.268  -4.599609  4.458618
4.258  -4.754028  4.448242
4.248  -4.898071  4.439087
4.238  -4.813843  4.429321
4.229  -4.456787  4.412231
4.219  -4.280396  4.403076
4.209  -4.102173  4.395752
4.199  -3.927612  4.389038
4.189  -3.754883  4.382935
4.18  -3.410645  4.370728
4.17  -3.240967  4.365234
4.16  -3.068848  4.360352
4.15  -2.901001  4.355469
4.141  -2.734985  4.351196
4.131  -2.400513  4.341431
4.121  -2.234497  4.3396
4.111  -2.069702  4.334717
4.102  -1.904907  4.332275
4.092  -1.742554  4.328613
4.082  -1.414185  4.32312
4.072  -1.251221  4.320068
4.063  -1.090698  4.318237
4.053  -0.928345  4.315796
4.043  -0.767212  4.313354
4.033  -0.444946  4.309692
4.023  -0.285034  4.307861
4.014  -0.125122  4.307251
4.004  0.032349  4.30481
3.994  0.192261  4.302979
3.984  0.350952  4.301758
3.975  0.668945  4.299316
3.965  0.826416  4.297485
3.955  0.986328  4.298096
3.945  1.143799  4.296875
3.936  1.30249  4.296265
3.926  1.610718  -0.043945
3.916  1.767578  -4.586792
3.906  1.929321  -4.594727
3.896  2.086792  -4.575195
3.887  2.243652  -4.546509
3.877  2.557983  -4.487305
3.867  2.714844  -4.459839
3.857  2.871094  -4.434814
3.848  3.027344  -4.4104
3.838  3.183594  -4.387817
3.828  3.497314  -4.347534
3.818  3.654175  -4.329224
3.809  3.810425  -4.312134
3.799  3.966064  -4.295654
3.789  4.122314  -4.281616
3.779  4.439087  -4.25415
3.77  4.597778  -4.241943
3.76  4.755859  -4.230347
3.75  4.909058  -4.21875
3.74  4.82605  -4.207153
3.73  4.641113  -4.194336
3.721  4.284058  -4.177246
3.711  4.108276  -4.168091
3.701  3.933105  -4.161377
3.691  3.759155  -4.154663
3.682  3.587646  -4.147949
3.672  3.24585  -4.135742
3.662  3.074951  -4.13147
3.652  2.905273  -4.125977
3.643  2.739258  -4.120483
3.633  2.570801  -4.116821
3.623  2.23938  -4.107666
3.613  2.073364  -4.105225
3.604  1.90979  -4.100342
3.594  1.746216  -4.098511
3.584  1.582642  -4.093628
3.574  1.256104  -4.088745
3.564  1.09375  -4.085693
3.555  0.932617  -4.083862
3.545  0.772095  -4.082031
3.535  0.610962  -4.078979
3.525  0.288696  -4.074707
3.516  0.130005  -4.073486
3.506  -0.031128  -4.072876
3.496  -0.189819  -4.071045
3.486  -0.349731  -4.069824
3.477  -0.507202  -4.067383
3.467  -0.823364  -4.065552
3.457  -0.982666  -4.067383
3.447  -1.140747  -4.06189
3.438  -1.300049  -4.046631
3.428  -1.452637  -1.083374
3.418  -1.768799  4.829102
3.408  -1.928101  4.80896
3.398  -2.086182  4.780273
3.389  -2.242432  4.751587
3.379  -2.399292  4.72168
3.369  -2.714844  4.667358
3.359  -2.869873  4.643555
3.35  -3.026733  4.620972
3.34  -3.181763  4.60022
3.33  -3.339844  4.580688
3.32  -3.652954  4.543457
3.311  -3.809204  4.528809
3.301  -3.963623  4.512939
3.291  -4.119873  4.497681
3.281  -4.275513  4.486084
3.271  -4.587402  4.46106
3.262  -4.743652  4.450073
3.252  -4.891968  4.439697
3.242  -4.82666  4.429321
3.232  -4.646606  4.421387
3.223  -4.468994  4.412842
3.213  -4.11438  4.396362
3.203  -3.938599  4.390869
3.193  -3.765869  4.384155
3.184  -3.59375  4.377441
3.174  -3.421631  4.372559
3.164  -3.080444  4.361572
3.154  -2.911987  4.3573
3.145  -2.744141  4.351807
3.135  -2.578125  4.346924
3.125  -2.410278  4.343872
3.115  -2.079468  4.335938
3.105  -1.915894  4.332275
3.096  -1.751709  4.330444
3.086  -1.588135  4.326782
3.076  -1.425171  4.32373
3.066  -1.101074  4.318237
3.057  -0.93811  4.316406
3.047  -0.777588  4.313965
3.037  -0.615845  4.313354
3.027  -0.455322  4.310303
3.018  -0.296021  4.308472
3.008  0.023804  4.30603
2.998  0.183105  4.303589
2.988  0.341187  4.302368
2.979  0.499878  4.301147
2.969  0.658569  4.299927
2.959  0.975952  4.298706
2.949  1.134033  4.297485
2.939  1.291504  4.295654
2.93  1.448975  4.295654
2.92  1.600952  0.541382
2.91  1.917725  -4.595947
2.9  2.078247  -4.576416
2.891  2.233276  -4.54834
2.881  2.391357  -4.517822
2.871  2.546387  -4.489746
2.861  2.861938  -4.435425
2.852  3.016357  -4.412842
2.842  3.173218  -4.389648
2.832  3.329468  -4.368896
2.822  3.486328  -4.348755
2.813  3.800049  -4.312744
2.803  3.955078  -4.296875
2.793  4.111938  -4.282227
2.783  4.269409  -4.268799
2.773  4.428101  -4.25415
2.764  4.586182  -4.242554
2.754  4.901123  -4.219971
2.744  4.839478  -4.208374
2.734  4.65332  -4.194336
2.725  4.473267  -4.185791
2.715  4.296265  -4.177246
2.705  3.945312  -4.161987
2.695  3.770752  -4.155884
2.686  3.599854  -4.14856
2.676  3.427124  -4.143066
2.666  3.256226  -4.137573
2.656  2.91626  -4.126587
2.646  2.749023  -4.121704
2.637  2.581787  -4.116821
2.627  2.41394  -4.11377
2.617  2.249756  -4.108887
2.607  1.920166  -4.101562
2.598  1.755981  -4.099121
2.588  1.592407  -4.095459
2.578  1.429443  -4.092407
2.568  1.265869  -4.089966
2.559  0.942993  -4.085693
2.549  0.782471  -4.082031
2.539  0.620117  -4.080811
2.529  0.458984  -4.078979
2.52  0.297852  -4.076538
2.51  0.13916  -4.074097
2.5  -0.180664  -4.071655
2.49  -0.339355  -4.069824
2.48  -0.499268  -4.069214
2.471  -0.657349  -4.067993
2.461  -0.814819  -4.066162
2.451  -1.132202  -4.063721
2.441  -1.290283  -4.048462
2.432  -1.445923  -1.593018
2.422  -1.59668  4.82666
2.412  -1.760254  4.828491
2.402  -2.077026  4.781494
2.393  -2.235107  4.750977
2.383  -2.391357  4.72168
2.373  -2.548218  4.694214
2.363  -2.705688  4.668579
2.354  -3.018799  4.620972
2.344  -3.173828  4.60083
2.334  -3.331299  4.580078
2.324  -3.488159  4.561157
2.314  -3.644409  4.545288
2.305  -3.95752  4.511719
2.295  -4.111938  4.498291
2.285  -4.268188  4.484863
2.275  -4.424438  4.472046
2.266  -4.578857  4.460449
2.256  -4.735107  4.450073
2.246  -4.840088  4.429932
2.236  -4.661255  4.421387
2.227  -4.481812  4.412231
2.217  -4.30542  4.403687
2.207  -4.127808  4.397583
2.197  -3.779297  4.383545
2.188  -3.606567  4.376831
2.178  -3.435669  4.371948
2.168  -3.262939  4.366455
2.158  -3.093262  4.360962
2.148  -2.758179  4.351196
2.139  -2.590332  4.346924
2.129  -2.423706  4.342651
2.119  -2.25769  4.3396
2.109  -2.092285  4.335327
2.1  -1.763306  4.329834
2.09  -1.599731  4.326782
2.08  -1.436768  4.32312
2.07  -1.273804  4.321289
2.061  -1.112671  4.318237
2.051  -0.788574  4.315186
2.041  -0.628052  4.312134
2.031  -0.466919  4.309692
2.021  -0.307007  4.309082
2.012  -0.147095  4.307861
2.002  0.011597  4.30542
1.992  0.328369  4.302368
1.982  0.488281  4.301147
1.973  0.646973  4.299927
1.963  0.805054  4.299316
1.953  0.964355  4.298096
1.943  1.281128  4.296875
1.934  1.437378  4.295044
1.924  1.590576  1.151733
1.914  1.744995  -4.581909
1.904  1.907349  -4.596558
1.895  2.2229  -4.550171
1.885  2.37915  -4.520874
1.875  2.536011  -4.490967
1.865  2.693481  -4.464111
1.855  2.849121  -4.438477
1.846  3.162231  -4.390869
1.836  3.317871  -4.370728
1.826  3.475952  -4.349976
1.816  3.631592  -4.332275
1.807  3.789673  -4.314575
1.797  4.101562  -4.282837
1.787  4.259644  -4.268799
1.777  4.417114  -4.255981
1.768  4.577026  -4.243164
1.758  4.734497  -4.230957
1.748  4.893799  -4.220581
1.738  4.665527  -4.195557
1.729  4.486694  -4.185791
1.719  4.309082  -4.177856
1.709  4.13147  -4.171143
1.699  3.95813  -4.162598
1.689  3.612671  -4.14917
1.68  3.439941  -4.143066
1.67  3.269043  -4.136963
1.66  3.098755  -4.13147
1.65  2.928467  -4.127197
1.641  2.593384  -4.117432
1.631  2.427368  -4.113159
1.621  2.260132  -4.109497
1.611  2.096558  -4.104614
1.602  1.931152  -4.102173
1.592  1.604004  -4.095459
1.582  1.44043  -4.092407
1.572  1.277466  -4.089966
1.563  1.115723  -4.086914
1.553  0.955811  -4.084473
1.543  0.632324  -4.080811
1.533  0.469971  -4.07959
1.523  0.310669  -4.076538
1.514  0.150757  -4.074707
1.504  -0.009155  -4.073486
1.494  -0.169067  -4.072266
1.484  -0.48645  -4.069214
1.475  -0.644531  -4.067383
1.465  -0.802002  -4.066162
1.455  -0.960693  -4.066772
1.445  -1.120605  -4.065552
1.436  -1.434326  -2.276001
1.426  -1.583862  4.82666
1.416  -1.746216  4.830322
1.406  -1.906738  4.811401
1.396  -2.064819  4.784546
1.387  -2.37915  4.724731
1.377  -2.536621  4.697266
1.367  -2.692261  4.671021
1.357  -2.850342  4.645996
1.348  -3.007202  4.623413
1.338  -3.317871  4.58252
1.328  -3.475952  4.562988
1.318  -3.632812  4.546509
1.309  -3.789062  4.529419
1.299  -3.944092  4.51416
1.289  -4.099731  4.499512
1.279  -4.411621  4.473267
1.27  -4.56604  4.46228
1.26  -4.72168  4.451294
1.25  -4.875488  4.440308
1.24  -4.852295  4.429932
1.23  -4.494019  4.412842
1.221  -4.316406  4.404907
1.211  -4.138794  4.398804
1.201  -3.963623  4.390869
1.191  -3.792114  4.382935
1.182  -3.446045  4.372559
1.172  -3.273926  4.366455
1.162  -3.104248  4.360962
1.152  -2.936401  4.3573
1.143  -2.768555  4.351807
1.133  -2.434692  4.343262
1.123  -2.268066  4.34021
1.113  -2.102661  4.335938
1.104  -1.938477  4.333496
1.094  -1.775513  4.329224
1.084  -1.447144  4.32373
1.074  -1.28418  4.321899
1.064  -1.123047  4.319458
1.055  -0.961914  4.315796
1.045  -0.799561  4.315186
1.035  -0.637817  4.312134
1.025  -0.317993  4.309082
1.016  -0.15686  4.308472
1.006  0.001221  4.30542
996.094  0.159912  4.303589
986.328  0.319214  4.302368
976.563  0.635986  4.299316
966.797  0.794678  4.299316
957.031  0.953979  4.298096
947.266  1.112061  4.296875
937.5  1.270142  4.297485
927.734  1.5802  1.763306
917.969  1.733398  -4.578247
908.203  1.895752  -4.597168
898.438  2.054443  -4.581299
888.672  2.211914  -4.552612
878.906  2.525635  -4.493408
869.141  2.682495  -4.466553
859.375  2.839966  -4.439087
849.609  2.994995  -4.415894
839.844  3.151855  -4.3927
830.078  3.465576  -4.351196
820.313  3.621216  -4.333496
810.547  3.778687  -4.316406
800.781  3.934326  -4.299927
791.016  4.091187  -4.284058
781.25  4.249268  -4.27002
771.484  4.56665  -4.243774
761.719  4.723511  -4.232788
751.953  4.884033  -4.221191
742.188  4.867554  -4.209595
732.422  4.680176  -4.196777
722.656  4.321289  -4.177856
712.891  4.144287  -4.171143
703.125  3.969727  -4.162598
693.359  3.795166  -4.157104
683.594  3.624268  -4.14978
673.828  3.28125  -4.137573
664.063  3.110352  -4.13208
654.297  2.941895  -4.127197
644.531  2.774048  -4.121704
634.766  2.605591  -4.118042
625  2.272949  -4.109497
615.234  2.108154  -4.105225
605.469  1.94397  -4.101562
595.703  1.781006  -4.098511
585.938  1.616211  -4.096069
576.172  1.290894  -4.089966
566.406  1.127319  -4.087524
556.641  0.967407  -4.084473
546.875  0.805664  -4.082642
537.109  0.644531  -4.0802
527.344  0.483398  -4.078369
517.578  0.162964  -4.074097
507.813  0.002441  -4.072876
498.047  -0.15625  -4.071045
488.281  -0.316162  -4.069824
478.516  -0.474854  -4.068604
468.75  -0.790405  -4.066162
458.984  -0.949097  -4.066162
449.219  -1.108398  -4.065552
439.453  -1.266479  -4.050903
429.688  -1.42334  -2.941895
419.922  -1.734619  4.831543
410.156  -1.894531  4.813843
400.391  -2.053223  4.786987
390.625  -2.211304  4.75647
380.859  -2.366943  4.727173
371.094  -2.681274  4.672852
361.328  -2.838135  4.648438
351.563  -2.994385  4.626465
341.797  -3.151245  4.603882
332.031  -3.306274  4.58374
322.266  -3.619995  4.54834
312.5  -3.776245  4.53125
302.734  -3.932495  4.515381
292.969  -4.087524  4.501343
283.203  -4.243774  4.487305
273.438  -4.400024  4.475098
263.672  -4.710693  4.451904
253.906  -4.865723  4.440918
244.141  -4.862671  4.432373
234.375  -4.685059  4.423218
224.609  -4.505615  4.414062
214.844  -4.151001  4.398804
205.078  -3.97522  4.390869
195.313  -3.80249  4.384155
185.547  -3.629761  4.379272
175.781  -3.458252  4.371338
166.016  -3.117065  4.361572
156.25  -2.947388  4.3573
146.484  -2.780762  4.351807
136.719  -2.612305  4.348145
126.953  -2.445679  4.343262
117.188  -2.114258  4.335938
107.422  -1.950684  4.334106
97.656  -1.787109  4.329224
87.891  -1.622314  4.326782
78.125  -1.459351  4.324341
68.359  -1.135254  4.318848
58.594  -0.973511  4.317017
48.828  -0.811157  4.314575
39.063  -0.650635  4.311523
29.297  -0.488281  4.310303
19.531  -0.328979  4.310303
9.766  -0.010376  4.30603
0  0.148926  4.30481
-9.766  0.307007  4.302368
-19.531  0.465698  4.301147
-29.297  0.625  4.301147
-39.063  0.943604  4.298706
-48.828  1.101685  4.297485
-58.594  1.259155  4.296875
-68.359  1.415405  4.295044
-78.125  1.570435  2.374878
-87.891  1.884766  -4.597168
-97.656  2.044067  -4.58252
-107.422  2.200928  -4.553833
-117.188  2.357178  -4.524536
-126.953  2.514648  -4.494629
-136.719  2.828979  -4.441528
-146.484  2.984619  -4.417114
-156.25  3.139648  -4.395142
-166.016  3.297729  -4.372559
-175.781  3.453979  -4.353638
-185.547  3.768921  -4.316406
-195.313  3.92395  -4.300537
-205.078  4.0802  -4.285889
-214.844  4.237671  -4.271851
-224.609  4.396362  -4.257202
-234.375  4.554443  -4.245605
-244.141  4.872437  -4.221802
-253.906  4.879761  -4.210205
-263.672  4.692383  -4.197388
-273.438  4.512939  -4.187012
-283.203  4.333496  -4.179688
-292.969  3.981934  -4.163818
-302.734  3.808594  -4.156494
-312.5  3.637085  -4.14978
-322.266  3.463745  -4.144287
-332.031  3.293457  -4.137573
-341.797  2.953491  -4.127197
-351.563  2.785645  -4.122925
-361.328  2.619629  -4.117432
-371.094  2.451172  -4.11377
-380.859  2.285156  -4.109497
-390.625  1.954956  -4.102173
-400.391  1.791382  -4.099121
-410.156  1.627808  -4.096069
-419.922  1.464844  -4.092407
-429.688  1.30249  -4.090576
-439.453  1.138306  -4.087524
-449.219  0.81665  -4.083252
-458.984  0.655518  -4.081421
-468.75  0.494995  -4.078369
-478.516  0.333862  -4.076538
-488.281  0.17334  -4.075317
-498.047  -0.145874  -4.072266
-507.813  -0.305176  -4.069824
-517.578  -0.463257  -4.067993
-527.344  -0.621948  -4.066772
-537.109  -0.78064  -4.066162
-546.875  -1.098022  -4.066772
-556.641  -1.255493  -4.052124
-566.406  -1.412964  -3.515015
-576.172  -1.560669  4.80896
-585.938  -1.724854  4.831543
-595.703  -2.042236  4.788818
-605.469  -2.199707  4.758301
-615.234  -2.355957  4.729614
-625  -2.512817  4.701538
-634.766  -2.669067  4.674683
-644.531  -2.983398  4.627686
-654.297  -3.139648  4.605103
-664.063  -3.294678  4.585571
-673.828  -3.450928  4.567261
-683.594  -3.607788  4.54895
-693.359  -3.765259  4.53186
-703.125  -4.075317  4.502563
-712.891  -4.231567  4.488525
-722.656  -4.387817  4.476318
-732.422  -4.544678  4.464722
-742.188  -4.699097  4.453125
-751.953  -4.872437  4.433594
-761.719  -4.695435  4.423828
-771.484  -4.515991  4.414673
-781.25  -4.338379  4.407349
-791.016  -4.161377  4.399414
-800.781  -3.812256  4.385376
-810.547  -3.640137  4.379272
-820.313  -3.468018  4.373169
-830.078  -3.296509  4.367676
-839.844  -3.127441  4.362793
-849.609  -2.789917  4.353027
-859.375  -2.62207  4.349365
-869.141  -2.455444  4.344482
-878.906  -2.288818  4.341431
-888.672  -2.123413  4.337158
-898.438  -1.795654  4.330444
-908.203  -1.63208  4.327393
-917.969  -1.467285  4.326172
-927.734  -1.305542  4.321899
-937.5  -1.143799  4.319458
-947.266  -0.982666  4.317627
-957.031  -0.658569  4.312744
-966.797  -0.496826  4.312134
-976.563  -0.338135  4.309692
-986.328  -0.178223  4.308472
-996.094  -0.018921  4.306641
-1.006  0.299072  4.302979
-1.016  0.458374  4.301758
-1.025  0.616455  4.301758
-1.035  0.774536  4.299927
-1.045  0.934448  4.298706
-1.055  1.25061  4.297485
-1.064  1.40625  4.295654
-1.074  1.5625  2.907104
-1.084  1.712646  -4.569702
-1.094  1.87561  -4.597168
-1.104  2.191772  -4.555664
-1.113  2.349243  -4.525757
-1.123  2.505493  -4.49646
-1.133  2.662964  -4.468384
-1.143  2.819824  -4.442139
-1.152  3.131104  -4.395752
-1.162  3.287964  -4.373169
-1.172  3.445435  -4.353638
-1.182  3.600464  -4.335938
-1.191  3.758545  -4.317627
-1.201  3.912964  -4.301147
-1.211  4.227295  -4.271851
-1.221  4.385986  -4.258423
-1.23  4.544067  -4.246216
-1.24  4.703369  -4.232788
-1.25  4.862671  -4.221802
-1.26  4.706421  -4.197388
-1.27  4.525146  -4.188843
-1.279  4.346924  -4.179077
-1.289  4.170532  -4.171143
-1.299  3.994141  -4.163208
-1.309  3.648682  -4.14978
-1.318  3.476562  -4.143677
-1.328  3.305054  -4.138184
-1.338  3.134766  -4.13269
-1.348  2.965698  -4.127197
-1.357  2.630615  -4.118042
-1.367  2.462158  -4.11499
-1.377  2.297363  -4.109497
-1.387  2.132568  -4.105835
-1.396  1.966553  -4.103394
-1.406  1.639404  -4.096069
-1.416  1.47583  -4.093018
-1.426  1.313477  -4.089966
-1.436  1.151123  -4.086914
-1.445  0.98877  -4.085693
-1.455  0.828247  -4.083252
-1.465  0.50415  -4.07959
-1.475  0.344849  -4.075928
-1.484  0.184937  -4.074707
-1.494  0.025635  -4.072876
-1.504  -0.134277  -4.071655
-1.514  -0.452881  -4.068604
-1.523  -0.610352  -4.066162
-1.533  -0.769043  -4.066772
-1.543  -0.926514  -4.064941
-1.553  -1.085205  -4.065552
-1.563  -1.403198  -3.915405
-1.572  -1.549683  4.551392
-1.582  -1.711426  4.831543
-1.592  -1.872559  4.818115
-1.602  -2.030029  4.790649
-1.611  -2.344971  4.732056
-1.621  -2.501221  4.702759
-1.631  -2.659302  4.675903
-1.641  -2.816772  4.651489
-1.65  -2.973633  4.628906
-1.66  -3.284912  4.586792
-1.67  -3.441162  4.568481
-1.68  -3.599243  4.549561
-1.689  -3.754272  4.533081
-1.699  -3.911133  4.518433
-1.709  -4.065552  4.503174
-1.719  -4.377441  4.477539
-1.729  -4.533081  4.464722
-1.738  -4.688721  4.453735
-1.748  -4.84436  4.442749
-1.758  -4.883423  4.434204
-1.768  -4.530029  4.415283
-1.777  -4.352417  4.407959
-1.787  -4.176025  4.399414
-1.797  -3.999023  4.3927
-1.807  -3.826294  4.385986
-1.816  -3.480835  4.373169
-1.826  -3.308716  4.367676
-1.836  -3.139648  4.362793
-1.846  -2.969971  4.3573
-1.855  -2.802734  4.352417
-1.865  -2.467651  4.344482
-1.875  -2.302246  4.34021
-1.885  -2.136841  4.336548
-1.895  -1.973267  4.333496
-1.904  -1.807861  4.330444
-1.914  -1.480713  4.324951
-1.924  -1.318359  4.321289
-1.934  -1.156616  4.318848
-1.943  -0.994873  4.317627
-1.953  -0.83313  4.314575
-1.963  -0.670166  4.312744
-1.973  -0.350342  4.309082
-1.982  -0.19104  4.307251
-1.992  -0.031738  4.306641
-2.002  0.127563  4.304199
-2.012  0.286865  4.302979
-2.021  0.604248  4.301147
-2.031  0.762939  4.299316
-2.041  0.921631  4.298096
-2.051  1.080322  4.298096
-2.061  1.237793  4.296265
-2.07  1.550903  3.577881
-2.08  1.700439  -4.56543
-2.09  1.862793  -4.597778
-2.1  2.023315  -4.584351
-2.109  2.180176  -4.558716
-2.119  2.493286  -4.498901
-2.129  2.651367  -4.470215
-2.139  2.807007  -4.44519
-2.148  2.963867  -4.419556
-2.158  3.118286  -4.397583
-2.168  3.276367  -4.37439
-2.178  3.589478  -4.336548
-2.188  3.746948  -4.318848
-2.197  3.901978  -4.302979
-2.207  4.059448  -4.287109
-2.217  4.216309  -4.273071
-2.227  4.532471  -4.246826
-2.236  4.691772  -4.234009
-2.246  4.851074  -4.223022
-2.256  4.899902  -4.212036
-2.266  4.718018  -4.199219
-2.275  4.358521  -4.179688
-2.285  4.182129  -4.171753
-2.295  4.005127  -4.165039
-2.305  3.833008  -4.157104
-2.314  3.660889  -4.14978
-2.324  3.31665  -4.138794
-2.334  3.146973  -4.13269
-2.344  2.976685  -4.127197
-2.354  2.808228  -4.123535
-2.363  2.642212  -4.117432
-2.373  2.30835  -4.109497
-2.383  2.143555  -4.105835
-2.393  1.97876  -4.102783
-2.402  1.815186  -4.099731
-2.412  1.651001  -4.09668
-2.422  1.488037  -4.092407
-2.432  1.162109  -4.087524
-2.441  1.001587  -4.085083
-2.451  0.839844  -4.082642
-2.461  0.678101  -4.080811
-2.471  0.516357  -4.078979
-2.48  0.196533  -4.074707
-2.49  0.036621  -4.073486
-2.5  -0.122681  -4.071655
-2.51  -0.282593  -4.069824
-2.52  -0.441895  -4.069214
-2.529  -0.758057  -4.066162
-2.539  -0.915527  -4.064941
-2.549  -1.075439  -4.066772
-2.559  -1.23291  -4.054565
-2.568  -1.391602  -4.01062
-2.578  -1.70166  4.832764
-2.588  -1.861572  4.819336
-2.598  -2.020874  4.79248
-2.607  -2.178345  4.761963
-2.617  -2.334595  4.733887
-2.627  -2.647095  4.677734
-2.637  -2.805786  4.65332
-2.646  -2.962036  4.630127
-2.656  -3.118286  4.608154
-2.666  -3.273926  4.588623
-2.676  -3.431396  4.569092
-2.686  -3.743286  4.534302
-2.695  -3.899536  4.519653
-2.705  -4.053955  4.504395
-2.715  -4.211426  4.489746
-2.725  -4.367065  4.478149
-2.734  -4.678345  4.453735
-2.744  -4.833374  4.44397
-2.754  -4.890747  4.433594
-2.764  -4.72168  4.424438
-2.773  -4.542236  4.416504
-2.783  -4.187622  4.400024
-2.793  -4.011841  4.393311
-2.803  -3.838501  4.387207
-2.813  -3.665771  4.379883
-2.822  -3.493652  4.373169
-2.832  -3.151855  4.362793
-2.842  -2.982178  4.35791
-2.852  -2.814941  4.353638
-2.861  -2.647705  4.348755
-2.871  -2.480469  4.344482
-2.881  -2.148438  4.337769
-2.891  -1.984863  4.333496
-2.9  -1.820679  4.330444
-2.91  -1.657104  4.327393
-2.92  -1.491699  4.325562
-2.93  -1.328735  4.32251
-2.939  -1.00708  4.317627
-2.949  -0.844116  4.315186
-2.959  -0.683594  4.312744
-2.969  -0.521851  4.312134
-2.979  -0.361328  4.309082
-2.988  -0.042725  4.307251
-2.998  0.116577  4.30481
-3.008  0.275269  4.302979
-3.018  0.43457  4.302368
-3.027  0.593262  4.301758
-3.037  0.910034  4.299316
-3.047  1.068115  4.297485
-3.057  1.227417  4.297485
-3.066  1.383667  4.295654
-3.076  1.541138  4.084473
-3.086  1.852417  -4.595947
-3.096  2.011719  -4.586792
-3.105  2.169189  -4.559937
-3.115  2.325439  -4.53064
-3.125  2.48291  -4.500732
-3.135  2.796631  -4.447021
-3.145  2.953491  -4.421997
-3.154  3.108521  -4.398804
-3.164  3.265991  -4.377441
-3.174  3.422852  -4.3573
-3.184  3.579102  -4.337769
-3.193  3.891602  -4.303589
-3.203  4.047852  -4.28894
-3.213  4.205322  -4.273682
-3.223  4.364014  -4.259033
-3.232  4.521484  -4.246826
-3.242  4.838867  -4.224243
-3.252  4.907227  -4.213257
-3.262  4.731445  -4.199219
-3.271  4.550171  -4.188843
-3.281  4.371338  -4.180298
-3.291  4.019165  -4.165039
-3.301  3.844604  -4.157715
-3.311  3.673096  -4.150391
-3.32  3.500366  -4.145508
-3.33  3.330688  -4.138794
-3.34  2.989502  -4.127808
-3.35  2.821045  -4.122925
-3.359  2.654419  -4.118042
-3.369  2.486572  -4.11438
-3.379  2.321167  -4.109497
-3.389  1.990356  -4.102173
-3.398  1.826782  -4.099121
-3.408  1.662598  -4.09668
-3.418  1.499634  -4.092407
-3.428  1.33606  -4.090576
-3.438  1.174316  -4.086914
-3.447  0.85144  -4.082642
-3.457  0.690308  -4.080811
-3.467  0.527954  -4.07959
-3.477  0.368042  -4.076538
-3.486  0.20752  -4.074707
-3.496  -0.111694  -4.072266
-3.506  -0.270996  -4.069824
-3.516  -0.429688  -4.068604
-3.525  -0.588379  -4.067383
-3.535  -0.74646  -4.066772
-3.545  -1.063232  -4.066772
-3.555  -1.222534  -4.056396
-3.564  -1.380615  -4.0271
-3.574  -1.5271  3.447266
-3.584  -1.689453  4.833374
-3.594  -2.008667  4.794922
-3.604  -2.167358  4.765625
-3.613  -2.323608  4.736328
-3.623  -2.479858  4.707642
-3.633  -2.637329  4.680176
-3.643  -2.95105  4.631958
-3.652  -3.106689  4.609375
-3.662  -3.261719  4.590454
-3.672  -3.419189  4.570312
-3.682  -3.575439  4.552612
-3.691  -3.7323  4.536133
-3.701  -4.043579  4.505005
-3.711  -4.199219  4.491577
-3.721  -4.356079  4.47876
-3.73  -4.511719  4.466553
-3.74  -4.667969  4.454346
-3.75  -4.896851  4.434814
-3.76  -4.733887  4.425049
-3.77  -4.554443  4.417114
-3.779  -4.376831  4.408569
-3.789  -4.198608  4.400635
-3.799  -3.850098  4.387207
-3.809  -3.677368  4.379883
-3.818  -3.504639  4.37439
-3.828  -3.33313  4.368896
-3.838  -3.162842  4.363403
-3.848  -2.826538  4.354858
-3.857  -2.658691  4.349365
-3.867  -2.492065  4.344482
-3.877  -2.324829  4.342041
-3.887  -2.160645  4.337769
-3.896  -1.99585  4.333496
-3.906  -1.66748  4.328613
-3.916  -1.504517  4.324951
-3.926  -1.341553  4.32251
-3.936  -1.179199  4.320679
-3.945  -1.018677  4.317017
-3.955  -0.69397  4.314575
-3.965  -0.532837  4.311523
-3.975  -0.372925  4.309082
-3.984  -0.214844  4.307861
-3.994  -0.054932  4.306641
-4.004  0.263062  4.302979
-4.014  0.422974  4.302368
-4.023  0.579834  4.299927
-4.033  0.739746  4.299316
-4.043  0.897217  4.298706
-4.053  1.21521  4.296265
-4.063  1.372681  4.296265
-4.072  1.528931  4.282227
-4.082  1.677246  -4.01062
-4.092  1.84021  -4.596558
-4.102  2.156372  -4.562988
-4.111  2.312622  -4.533081
-4.121  2.470093  -4.503174
-4.131  2.626953  -4.475708
-4.141  2.783813  -4.448242
-4.15  2.939453  -4.424438
-4.16  3.252563  -4.379272
-4.17  3.410034  -4.35791
-4.18  3.566895  -4.338989
-4.189  3.723145  -4.32251
-4.199  3.880005  -4.304199
-4.209  4.192505  -4.274902
-4.219  4.351807  -4.260864
-4.229  4.509277  -4.248657
-4.238  4.667358  -4.23645
-4.248  4.82666  -4.224854
-4.258  4.742432  -4.200439
-4.268  4.560547  -4.190674
-4.277  4.381714  -4.181519
-4.287  4.205322  -4.173584
-4.297  4.028931  -4.16626
-4.307  3.681641  -4.152832
-4.316  3.511353  -4.145508
-4.326  3.338623  -4.140625
-4.336  3.168335  -4.134521
-4.346  2.998657  -4.129639
-4.355  2.662354  -4.119873
-4.365  2.496338  -4.11499
-4.375  2.329102  -4.110718
-4.385  2.163086  -4.107666
-4.395  1.998291  -4.103394
-4.404  1.835327  -4.100342
-4.414  1.507568  -4.093628
-4.424  1.345215  -4.090576
-4.434  1.181641  -4.088745
-4.443  1.021118  -4.085693
-4.453  0.860596  -4.083862
-4.463  0.536499  -4.080811
-4.473  0.377197  -4.077148
-4.482  0.216675  -4.075928
-4.492  0.057983  -4.073486
-4.502  -0.102539  -4.072876
-4.512  -0.419922  -4.067993
-4.521  -0.579834  -4.067993
-4.531  -0.736694  -4.066772
-4.541  -0.895386  -4.065552
-4.551  -1.054688  -4.067383
-4.561  -1.37146  -4.031372
-4.57  -1.519775  2.888794
-4.58  -1.680298  4.833374
-4.59  -1.841431  4.821167
-4.6  -1.999512  4.796143
-4.609  -2.315063  4.736938
-4.619  -2.470703  4.708252
-4.629  -2.628174  4.682007
-4.639  -2.785645  4.656372
-4.648  -2.941895  4.632568
-4.658  -3.098145  4.611206
-4.668  -3.410034  4.571533
-4.678  -3.568726  4.552002
-4.688  -3.722534  4.537354
-4.697  -3.879395  4.520874
-4.707  -4.034424  4.505615
-4.717  -4.346924  4.47937
-4.727  -4.503174  4.466553
-4.736  -4.658203  4.456177
-4.746  -4.813232  4.44519
-4.756  -4.902344  4.434204
-4.766  -4.568481  4.417114
-4.775  -4.389648  4.40918
-4.785  -4.213257  4.400635
-4.795  -4.037476  4.394531
-4.805  -3.864136  4.386597
-4.814  -3.518066  4.375
-4.824  -3.345337  4.369507
-4.834  -3.174438  4.364624
-4.844  -3.005371  4.359131
-4.854  -2.838745  4.354248
-4.863  -2.503052  4.345093
-4.873  -2.336426  4.342651
-4.883  -2.171631  4.337158
-4.893  -2.007446  4.334106
-4.902  -1.843872  4.332275
-4.912  -1.680298  4.328003
-4.922  -1.352539  4.32251
-4.932  -1.190186  4.321289
-4.941  -1.029663  4.318237
-4.951  -0.86792  4.315796
-4.961  -0.706177  4.313965
-4.971  -0.384521  4.309082
-4.98  -0.22583  4.308472
-4.99  -0.065308  4.306641
