-5.000000000000000000e-01 -1.560809602661132889e+00 -8.101413880004882273e+00
-4.749999999999999778e-01 -1.475246773071289264e+00 -8.101233850708007722e+00
-4.500000000000000111e-01 -1.398653416748046885e+00 -8.100389597167970024e+00
-4.249999999999999889e-01 -1.322714200439453203e+00 -8.098717781982422537e+00
-4.000000000000000222e-01 -1.243732097229004019e+00 -8.096998726196289908e+00
-3.750000000000000000e-01 -1.167232388000488452e+00 -8.095145004272461975e+00
-3.499999999999999778e-01 -1.088964105957031192e+00 -8.093246471557618449e+00
-3.249999999999999556e-01 -1.011747048034667973e+00 -8.092222506103516011e+00
-2.999999999999999889e-01 -9.373262500610352044e-01 -8.091020270996093444e+00
-2.750000000000000222e-01 -8.600143522338866697e-01 -8.090582197265625553e+00
-2.500000000000000000e-01 -7.823730223388671856e-01 -8.088102214965820380e+00
-2.249999999999999778e-01 -7.037532500610352848e-01 -8.088313890991212673e+00
-1.999999999999999556e-01 -6.264623931884765184e-01 -8.089026561889649969e+00
-1.749999999999999889e-01 -5.508205867919921950e-01 -8.090521841430664551e+00
-1.499999999999999667e-01 -4.744019400024413469e-01 -8.093697075805664554e+00
-1.250000000000000000e-01 -3.968627255493163419e-01 -8.091897725219727278e+00
-9.999999999999997780e-02 -3.184642373229980006e-01 -8.090598033447268023e+00
-7.499999999999995559e-02 -2.413874352160644277e-01 -8.087800646972656438e+00
-4.999999999999998890e-02 -1.645880937408447653e-01 -8.085304484252930024e+00
-2.499999999999996669e-02 -8.874734297546385542e-02 -8.082413635253907103e+00
0.000000000000000000e+00 -1.829564280151367225e-02 -8.079815263061524533e+00
2.500000000000002220e-02 6.520868636352539216e-02 -8.072316071777343893e+00
5.000000000000004441e-02 1.429060620166015538e-01 -8.066438908691406340e+00
7.500000000000006661e-02 2.200106207202148778e-01 -8.060533184204102142e+00
1.000000000000000888e-01 2.984260572888183805e-01 -8.052977201538086049e+00
1.250000000000000000e-01 3.739699020080566871e-01 -8.044244620361327591e+00
1.500000000000000222e-01 4.530404583129882812e-01 -8.032940380859374230e+00
1.750000000000000444e-01 5.288073504638671762e-01 -8.019625947875976379e+00
2.000000000000000666e-01 6.046144592285156438e-01 -8.005443785400389700e+00
2.250000000000000888e-01 6.806467096557616836e-01 -7.981814916992187037e+00
2.500000000000000000e-01 7.589784983520508899e-01 -7.933739726562500927e+00
2.750000000000000222e-01 8.382846647338868529e-01 8.543651793823244134e+00
3.000000000000000444e-01 9.145819413452149771e-01 8.545240039062500514e+00
3.250000000000000666e-01 9.912061676635742780e-01 8.548118670654297091e+00
3.500000000000000888e-01 1.069210893249511685e+00 8.550469454956054705e+00
3.750000000000000000e-01 1.145064187988281246e+00 8.552107160644531803e+00
4.000000000000000222e-01 1.222233155029296858e+00 8.553503057861327363e+00
4.250000000000000444e-01 1.300925119384765516e+00 8.556171439819335589e+00
4.500000000000000666e-01 1.377093736572265747e+00 8.557949242553711144e+00
4.750000000000000888e-01 1.454080121459960795e+00 8.558356968383789010e+00
5.000000000000000000e-01 1.529512250976562404e+00 8.562007011108397236e+00
