-8.000000000000000444e-01 -2.478790128784179814e+00 -8.119199121704101074e+00
-7.600000000000000089e-01 -2.354465678710937482e+00 -8.116900111694336672e+00
-7.200000000000000844e-01 -2.232111774902343804e+00 -8.115428202514648248e+00
-6.800000000000000488e-01 -2.107510995483398375e+00 -8.114098311767577343e+00
-6.400000000000000133e-01 -1.984208178100586029e+00 -8.112742287597656698e+00
-6.000000000000000888e-01 -1.861061077880859393e+00 -8.109609041748047531e+00
-5.600000000000000533e-01 -1.736983903808593688e+00 -8.108624747314452819e+00
-5.200000000000000178e-01 -1.614368992309569872e+00 -8.107306154174803936e+00
-4.800000000000000377e-01 -1.491391289672851617e+00 -8.104937885131835884e+00
-4.400000000000000577e-01 -1.366712906494140789e+00 -8.104508936767578220e+00
-4.000000000000000222e-01 -1.245036116088866995e+00 -8.102236981811524075e+00
-3.600000000000000422e-01 -1.120377941833496038e+00 -8.100403803710937822e+00
-3.200000000000000622e-01 -9.973721365966797814e-01 -8.098595560302735308e+00
-2.800000000000000266e-01 -8.739984982910155020e-01 -8.095157006225585761e+00
-2.399999999999999911e-01 -7.503070473022460662e-01 -8.093947044067382635e+00
-2.000000000000000666e-01 -6.278017912597656514e-01 -8.093388898925780950e+00
-1.600000000000000311e-01 -5.043884926757812304e-01 -8.091028452148439243e+00
-1.199999999999999956e-01 -3.816636578674316160e-01 -8.089598558959959718e+00
-8.000000000000007105e-02 -2.576860985327148468e-01 -8.087212827148437810e+00
-4.000000000000003553e-02 -1.332892331243896444e-01 -8.085355043945313014e+00
0.000000000000000000e+00 -1.723602051025390630e-02 -8.084617722778320470e+00
3.999999999999992450e-02 1.134393714062499892e-01 -8.084946484985351844e+00
7.999999999999996003e-02 2.360316107672119079e-01 -8.087325507812501257e+00
1.199999999999999956e-01 3.590152413488768568e-01 -8.089194700927734516e+00
1.599999999999999201e-01 4.828228116455077767e-01 -8.086514829101563606e+00
1.999999999999999556e-01 6.059692711791991870e-01 -8.082978673095704281e+00
2.399999999999999911e-01 7.280158018798826847e-01 -8.079495628051757805e+00
2.800000000000000266e-01 8.533514442138672162e-01 -8.072144779052734975e+00
3.200000000000000622e-01 9.776002213745117464e-01 -8.065189114379883506e+00
3.599999999999998757e-01 1.100219433105468880e+00 -8.056661993408201994e+00
3.999999999999999112e-01 1.221480836425781202e+00 -8.044464068603517148e+00
4.399999999999999467e-01 1.346861861877441502e+00 -8.028968375854491413e+00
4.799999999999999822e-01 1.468411885375976667e+00 -8.011330463867187390e+00
5.200000000000000178e-01 1.593201127929687599e+00 -7.978407494506836173e+00
5.600000000000000533e-01 1.717004701538086042e+00 8.580195139770506074e+00
6.000000000000000888e-01 1.840167924194335836e+00 8.582435459594726979e+00
6.399999999999999023e-01 1.963629738159179627e+00 8.584876425781249765e+00
6.799999999999999378e-01 2.088159285888671501e+00 8.587409566650389792e+00
7.199999999999999734e-01 2.210899952392578083e+00 8.589731055297850304e+00
7.600000000000000089e-01 2.333867071533203053e+00 8.592596495971680071e+00
8.000000000000000444e-01 2.457051368408202929e+00 8.594456092529297209e+00
