time	V(vin)	V(vout)
0.000000000000000e+000	0.000000e+000	2.526175e+000
9.999999824516700e-015	0.000000e+000	2.526178e+000
1.999999964903340e-014	0.000000e+000	2.526180e+000
3.999999929806680e-014	0.000000e+000	2.526179e+000
7.999999859613360e-014	0.000000e+000	2.526176e+000
1.599999971922672e-013	0.000000e+000	2.526174e+000
3.199999943845344e-013	0.000000e+000	2.526175e+000
6.399999887690688e-013	0.000000e+000	2.526175e+000
1.000000000000000e-012	0.000000e+000	2.526174e+000
2.000000000000000e-012	1.000000e+000	2.656625e+000
2.997921261761440e-009	1.000000e+000	2.655854e+000
5.993842523522878e-009	1.000000e+000	2.654532e+000
8.989763785284319e-009	1.000000e+000	2.652660e+000
1.198568504704576e-008	1.000000e+000	2.650238e+000
1.498160630880719e-008	1.000000e+000	2.647266e+000
1.797752757056864e-008	1.000000e+000	2.643743e+000
2.097344883233007e-008	1.000000e+000	2.639670e+000
3.142022344304878e-008	1.000000e+000	2.625106e+000
4.436804963538980e-008	1.000000e+000	2.605070e+000
5.615355119514203e-008	1.000000e+000	2.587249e+000
7.047973402433815e-008	1.000000e+000	2.567898e+000
8.414198422601100e-008	1.000000e+000	2.552807e+000
1.001403292433285e-007	1.000000e+000	2.539597e+000
1.159498841197115e-007	1.000000e+000	2.530823e+000
1.347567972612980e-007	1.000000e+000	2.524946e+000
1.571156967398639e-007	1.000000e+000	2.521751e+000
1.688888934786125e-007	1.000000e+000	2.521298e+000
1.775236375774907e-007	1.000000e+000	2.521464e+000
1.884603283785986e-007	1.000000e+000	2.521924e+000
1.986980467452251e-007	1.000000e+000	2.522469e+000
2.232885280554239e-007	1.000000e+000	2.523851e+000
2.376756539690106e-007	1.000000e+000	2.524544e+000
2.513865790642007e-007	1.000000e+000	2.525072e+000
2.678727422353693e-007	1.000000e+000	2.525528e+000
2.862900762521787e-007	1.000000e+000	2.525836e+000
3.122510019714069e-007	1.000000e+000	2.526025e+000
3.423258130462874e-007	1.000000e+000	2.526049e+000
4.383673502261789e-007	1.000000e+000	2.525806e+000
4.856865728149106e-007	1.000000e+000	2.525739e+000
1.000000002000000e-003	1.000000e+000	1.526283e+000
1.000000003000000e-003	0.000000e+000	1.395832e+000
1.000002998919988e-003	0.000000e+000	1.396601e+000
1.000005994839976e-003	0.000000e+000	1.397920e+000
1.000008990759964e-003	0.000000e+000	1.399790e+000
1.000011986679952e-003	0.000000e+000	1.402210e+000
1.000014982599940e-003	0.000000e+000	1.405180e+000
1.000017978519928e-003	0.000000e+000	1.408701e+000
1.000020974439916e-003	0.000000e+000	1.412772e+000
1.000031418006622e-003	0.000000e+000	1.427325e+000
1.000044363294909e-003	0.000000e+000	1.447349e+000
1.000056143761124e-003	0.000000e+000	1.465154e+000
1.000070465106583e-003	0.000000e+000	1.484489e+000
1.000084120342015e-003	0.000000e+000	1.499562e+000
1.000100111465250e-003	0.000000e+000	1.512756e+000
1.000115911420146e-003	0.000000e+000	1.521513e+000
1.000134705295796e-003	0.000000e+000	1.527374e+000
1.000157035821044e-003	0.000000e+000	1.530549e+000
1.000168816118600e-003	0.000000e+000	1.530992e+000
1.000177446025190e-003	0.000000e+000	1.530819e+000
1.000188385963915e-003	0.000000e+000	1.530349e+000
1.000198708698522e-003	0.000000e+000	1.529789e+000
1.000211513485610e-003	0.000000e+000	1.529041e+000
1.000223431426759e-003	0.000000e+000	1.528375e+000
1.000237878616474e-003	0.000000e+000	1.527667e+000
1.000251702559437e-003	0.000000e+000	1.527123e+000
1.000268158229688e-003	0.000000e+000	1.526655e+000
1.000286693913397e-003	0.000000e+000	1.526329e+000
1.000312757994299e-003	0.000000e+000	1.526117e+000
1.000342020699420e-003	0.000000e+000	1.526065e+000
1.000369929291209e-003	0.000000e+000	1.526103e+000
1.000404867417688e-003	0.000000e+000	1.526171e+000
1.000437683856362e-003	0.000000e+000	1.526213e+000
1.000484836625495e-003	0.000000e+000	1.526233e+000
1.000550607920598e-003	0.000000e+000	1.526234e+000
1.000647298969219e-003	0.000000e+000	1.526229e+000
2.000000001000000e-003	0.000000e+000	1.526233e+000
2.000000002000000e-003	1.000000e+000	1.656684e+000
2.000002997919988e-003	1.000000e+000	1.655912e+000
2.000005993839976e-003	1.000000e+000	1.654590e+000
2.000008989759964e-003	1.000000e+000	1.652718e+000
2.000011985679952e-003	1.000000e+000	1.650296e+000
2.000014981599940e-003	1.000000e+000	1.647324e+000
2.000017977519928e-003	1.000000e+000	1.643801e+000
2.000020973439916e-003	1.000000e+000	1.639728e+000
2.000031420527155e-003	1.000000e+000	1.625164e+000
2.000044368472118e-003	1.000000e+000	1.605127e+000
2.000056154279830e-003	1.000000e+000	1.587306e+000
2.000070480635633e-003	1.000000e+000	1.567955e+000
2.000084143263769e-003	1.000000e+000	1.552864e+000
2.000100141955363e-003	1.000000e+000	1.539654e+000
2.000115952149361e-003	1.000000e+000	1.530881e+000
2.000134760072993e-003	1.000000e+000	1.525004e+000
2.000157121778453e-003	1.000000e+000	1.521809e+000
2.000168894089339e-003	1.000000e+000	1.521357e+000
2.000177529206294e-003	1.000000e+000	1.521523e+000
2.000188465317244e-003	1.000000e+000	1.521982e+000
2.000198696161250e-003	1.000000e+000	1.522527e+000
2.000223275586756e-003	1.000000e+000	1.523909e+000
2.000237657554783e-003	1.000000e+000	1.524601e+000
2.000251359186685e-003	1.000000e+000	1.525129e+000
2.000267847793824e-003	1.000000e+000	1.525586e+000
2.000286255518805e-003	1.000000e+000	1.525895e+000
2.000312208182152e-003	1.000000e+000	1.526083e+000
2.000342348279327e-003	1.000000e+000	1.526108e+000
2.000438419045676e-003	1.000000e+000	1.525864e+000
2.000485750882487e-003	1.000000e+000	1.525797e+000
3.000000002000000e-003	1.000000e+000	5.263460e-001
3.000000003000000e-003	0.000000e+000	3.958950e-001
3.000002998919988e-003	0.000000e+000	3.966639e-001
3.000005994839976e-003	0.000000e+000	3.979832e-001
3.000008990759964e-003	0.000000e+000	3.998528e-001
3.000011986679952e-003	0.000000e+000	4.022727e-001
3.000014982599940e-003	0.000000e+000	4.052430e-001
3.000017978519928e-003	0.000000e+000	4.087636e-001
3.000020974439916e-003	0.000000e+000	4.128346e-001
3.000031417685083e-003	0.000000e+000	4.273869e-001
3.000044362851747e-003	0.000000e+000	4.474108e-001
3.000056143007029e-003	0.000000e+000	4.652154e-001
3.000070464175038e-003	0.000000e+000	4.845503e-001
3.000084119026922e-003	0.000000e+000	4.996236e-001
3.000100109798608e-003	0.000000e+000	5.128174e-001
3.000115909106698e-003	0.000000e+000	5.215750e-001
3.000134701958396e-003	0.000000e+000	5.274364e-001
3.000157029628527e-003	0.000000e+000	5.306112e-001
3.000168810833883e-003	0.000000e+000	5.310552e-001
3.000177440363037e-003	0.000000e+000	5.308823e-001
3.000188380904721e-003	0.000000e+000	5.304121e-001
3.000198710395896e-003	0.000000e+000	5.298519e-001
3.000211519024959e-003	0.000000e+000	5.291036e-001
3.000223444039298e-003	0.000000e+000	5.284374e-001
3.000237896334563e-003	0.000000e+000	5.277290e-001
3.000251729466754e-003	0.000000e+000	5.271847e-001
3.000268182758495e-003	0.000000e+000	5.267170e-001
3.000286727943240e-003	0.000000e+000	5.263915e-001
3.000312800358102e-003	0.000000e+000	5.261799e-001
3.000342000206391e-003	0.000000e+000	5.261279e-001
3.000369882970234e-003	0.000000e+000	5.261660e-001
3.000404820121290e-003	0.000000e+000	5.262339e-001
3.000437635513223e-003	0.000000e+000	5.262753e-001
3.000484776624394e-003	0.000000e+000	5.262959e-001
3.000550483315732e-003	0.000000e+000	5.262967e-001
3.000647166239833e-003	0.000000e+000	5.262915e-001
4.000000001000001e-003	0.000000e+000	5.262998e-001
4.000000002000000e-003	9.999996e-001	6.567508e-001
4.000002997918689e-003	9.999999e-001	6.559792e-001
4.000005993837378e-003	1.000000e+000	6.546574e-001
4.000008989756066e-003	1.000000e+000	6.527854e-001
4.000011985674755e-003	1.000000e+000	6.503632e-001
4.000014981593443e-003	1.000000e+000	6.473908e-001
4.000017977512133e-003	1.000000e+000	6.438682e-001
4.000020973430821e-003	1.000000e+000	6.397954e-001
4.000031420840208e-003	1.000000e+000	6.252304e-001
4.000044368904568e-003	1.000000e+000	6.051937e-001
4.000056155024364e-003	1.000000e+000	5.873722e-001
4.000070481555241e-003	1.000000e+000	5.680209e-001
4.000084144567737e-003	1.000000e+000	5.529301e-001
4.000100143608863e-003	1.000000e+000	5.397201e-001
4.000115954450114e-003	1.000000e+000	5.309471e-001
4.000134763394999e-003	1.000000e+000	5.250701e-001
4.000157127953812e-003	1.000000e+000	5.218760e-001
4.000168899357605e-003	1.000000e+000	5.214239e-001
4.000177534850684e-003	1.000000e+000	5.215898e-001
4.000188470362422e-003	1.000000e+000	5.220496e-001
4.000198694354326e-003	1.000000e+000	5.225940e-001
4.000223262726395e-003	1.000000e+000	5.239753e-001
4.000237639527102e-003	1.000000e+000	5.246677e-001
4.000251331881150e-003	1.000000e+000	5.251957e-001
4.000267822939731e-003	1.000000e+000	5.256522e-001
4.000286221094145e-003	1.000000e+000	5.259613e-001
4.000312165568485e-003	1.000000e+000	5.261496e-001
4.000342370705639e-003	1.000000e+000	5.261747e-001
4.000438470549476e-003	1.000000e+000	5.259314e-001
4.000485814945081e-003	1.000000e+000	5.258640e-001
5.000000002000000e-003	1.000000e+000	-4.735825e-001
5.000000003000001e-003	0.000000e+000	-6.040334e-001
5.000002998921288e-003	0.000000e+000	-6.032646e-001
5.000005994842576e-003	0.000000e+000	-6.019454e-001
5.000008990763863e-003	0.000000e+000	-6.000758e-001
5.000011986685150e-003	0.000000e+000	-5.976559e-001
5.000014982606437e-003	0.000000e+000	-5.946856e-001
5.000017978527725e-003	0.000000e+000	-5.911650e-001
5.000020974449012e-003	0.000000e+000	-5.870939e-001
5.000031417371880e-003	0.000000e+000	-5.725421e-001
5.000044362419193e-003	0.000000e+000	-5.525184e-001
5.000056142262429e-003	0.000000e+000	-5.347141e-001
5.000070463255485e-003	0.000000e+000	-5.153793e-001
5.000084117723148e-003	0.000000e+000	-5.003061e-001
5.000100108145524e-003	0.000000e+000	-4.871122e-001
5.000115906806685e-003	0.000000e+000	-4.783545e-001
5.000134698637789e-003	0.000000e+000	-4.724927e-001
5.000157023459672e-003	0.000000e+000	-4.693177e-001
5.000168805569018e-003	0.000000e+000	-4.688734e-001
5.000177434722618e-003	0.000000e+000	-4.690461e-001
5.000188375864847e-003	0.000000e+000	-4.695162e-001
5.000198712111086e-003	0.000000e+000	-4.700768e-001
5.000211524577152e-003	0.000000e+000	-4.708253e-001
5.000223456662389e-003	0.000000e+000	-4.714918e-001
5.000237914058058e-003	0.000000e+000	-4.722002e-001
5.000251756377216e-003	0.000000e+000	-4.727447e-001
5.000268207299110e-003	0.000000e+000	-4.732121e-001
5.000286761989167e-003	0.000000e+000	-4.735375e-001
5.000312842765447e-003	0.000000e+000	-4.737490e-001
5.000341979812041e-003	0.000000e+000	-4.738007e-001
5.000369836769346e-003	0.000000e+000	-4.737627e-001
5.000404772946621e-003	0.000000e+000	-4.736947e-001
5.000437587307530e-003	0.000000e+000	-4.736533e-001
5.000484716804016e-003	0.000000e+000	-4.736327e-001
5.000550359234325e-003	0.000000e+000	-4.736318e-001
5.000647034176751e-003	0.000000e+000	-4.736370e-001
6.000000001000001e-003	0.000000e+000	-4.736243e-001
6.000000002000000e-003	9.999996e-001	-3.431734e-001
6.000002997918689e-003	9.999999e-001	-3.439449e-001
6.000005993837378e-003	1.000000e+000	-3.452667e-001
6.000008989756066e-003	1.000000e+000	-3.471387e-001
6.000011985674755e-003	1.000000e+000	-3.495609e-001
6.000014981593443e-003	1.000000e+000	-3.525334e-001
6.000017977512133e-003	1.000000e+000	-3.560560e-001
6.000020973430821e-003	1.000000e+000	-3.601289e-001
6.000031421161663e-003	1.000000e+000	-3.746943e-001
6.000044369347663e-003	1.000000e+000	-3.947311e-001
6.000056155778438e-003	1.000000e+000	-4.125530e-001
6.000070482486871e-003	1.000000e+000	-4.319043e-001
6.000084145883066e-003	1.000000e+000	-4.469953e-001
6.000100145275935e-003	1.000000e+000	-4.602052e-001
6.000115956764339e-003	1.000000e+000	-4.689780e-001
6.000134766733831e-003	1.000000e+000	-4.748547e-001
6.000157134152868e-003	1.000000e+000	-4.780485e-001
6.000168904645735e-003	1.000000e+000	-4.785003e-001
6.000177540516869e-003	1.000000e+000	-4.783342e-001
6.000188475426907e-003	1.000000e+000	-4.778744e-001
6.000198692565400e-003	1.000000e+000	-4.773303e-001
6.000223249876399e-003	1.000000e+000	-4.759496e-001
6.000237621504641e-003	1.000000e+000	-4.752572e-001
6.000251304578534e-003	1.000000e+000	-4.747294e-001
6.000267798097393e-003	1.000000e+000	-4.742726e-001
6.000286186685740e-003	1.000000e+000	-4.739633e-001
6.000312122998158e-003	1.000000e+000	-4.737748e-001
6.000342393258550e-003	1.000000e+000	-4.737496e-001
6.000438522237916e-003	1.000000e+000	-4.739929e-001
6.000485879246210e-003	1.000000e+000	-4.740602e-001
7.000000002000000e-003	1.000000e+000	-1.473502e+000
7.000000003000001e-003	0.000000e+000	-1.603953e+000
7.000002998921288e-003	0.000000e+000	-1.603184e+000
7.000005994842576e-003	0.000000e+000	-1.601865e+000
7.000008990763863e-003	0.000000e+000	-1.599996e+000
7.000011986685150e-003	0.000000e+000	-1.597576e+000
7.000014982606437e-003	0.000000e+000	-1.594605e+000
7.000017978527725e-003	0.000000e+000	-1.591085e+000
7.000020974449012e-003	0.000000e+000	-1.587014e+000
7.000031417050277e-003	0.000000e+000	-1.572462e+000
7.000044361975991e-003	0.000000e+000	-1.552439e+000
7.000056141508259e-003	0.000000e+000	-1.534635e+000
7.000070462323888e-003	0.000000e+000	-1.515300e+000
7.000084116407984e-003	0.000000e+000	-1.500227e+000
7.000100106478815e-003	0.000000e+000	-1.487033e+000
7.000115904493177e-003	0.000000e+000	-1.478275e+000
7.000134695300450e-003	0.000000e+000	-1.472413e+000
7.000157017268170e-003	0.000000e+000	-1.469238e+000
7.000168800284612e-003	0.000000e+000	-1.468793e+000
7.000177429060775e-003	0.000000e+000	-1.468966e+000
7.000188370806140e-003	0.000000e+000	-1.469436e+000
7.000198713796466e-003	0.000000e+000	-1.469997e+000
7.000211530097581e-003	0.000000e+000	-1.470745e+000
7.000223469244173e-003	0.000000e+000	-1.471412e+000
7.000237931736646e-003	0.000000e+000	-1.472121e+000
7.000251783232997e-003	0.000000e+000	-1.472665e+000
7.000268231786993e-003	0.000000e+000	-1.473132e+000
7.000286795968922e-003	0.000000e+000	-1.473458e+000
7.000312885100475e-003	0.000000e+000	-1.473669e+000
7.000341959547971e-003	0.000000e+000	-1.473721e+000
7.000369790780061e-003	0.000000e+000	-1.473683e+000
7.000404725990671e-003	0.000000e+000	-1.473615e+000
7.000437539335270e-003	0.000000e+000	-1.473573e+000
7.000484657281283e-003	0.000000e+000	-1.473552e+000
7.000550235916016e-003	0.000000e+000	-1.473552e+000
7.000646903029754e-003	0.000000e+000	-1.473557e+000
8.000000001000001e-003	0.000000e+000	-1.473540e+000
8.000000002000001e-003	1.000000e+000	-1.343089e+000
8.000002997921288e-003	1.000000e+000	-1.343860e+000
8.000005993842575e-003	1.000000e+000	-1.345182e+000
8.000008989763862e-003	1.000000e+000	-1.347054e+000
8.000011985685151e-003	1.000000e+000	-1.349477e+000
8.000014981606438e-003	1.000000e+000	-1.352449e+000
8.000017977527725e-003	1.000000e+000	-1.355972e+000
8.000020973449012e-003	1.000000e+000	-1.360044e+000
8.000031421499838e-003	1.000000e+000	-1.374610e+000
8.000044369812016e-003	1.000000e+000	-1.394647e+000
8.000056156551548e-003	1.000000e+000	-1.412470e+000
8.000070483442518e-003	1.000000e+000	-1.431821e+000
8.000084147221075e-003	1.000000e+000	-1.446912e+000
8.000100146970170e-003	1.000000e+000	-1.460122e+000
8.000115959105466e-003	1.000000e+000	-1.468894e+000
8.000134770106233e-003	1.000000e+000	-1.474771e+000
8.000157140398772e-003	1.000000e+000	-1.477964e+000
8.000168909973423e-003	1.000000e+000	-1.478416e+000
8.000177546226405e-003	1.000000e+000	-1.478250e+000
8.000188480529797e-003	1.000000e+000	-1.477790e+000
8.000198690818208e-003	1.000000e+000	-1.477246e+000
8.000223237062572e-003	1.000000e+000	-1.475866e+000
8.000237603512598e-003	1.000000e+000	-1.475173e+000
8.000251277307569e-003	1.000000e+000	-1.474646e+000
8.000267773298837e-003	1.000000e+000	-1.474189e+000
8.000286152334477e-003	1.000000e+000	-1.473879e+000
8.000312080528572e-003	1.000000e+000	-1.473691e+000
8.000342415920897e-003	1.000000e+000	-1.473665e+000
8.000438574061500e-003	1.000000e+000	-1.473908e+000
8.000485943724912e-003	1.000000e+000	-1.473976e+000
8.003269051825052e-003	1.000000e+000	-1.476754e+000
9.000000002000000e-003	1.000000e+000	-2.473413e+000
9.000000003000001e-003	0.000000e+000	-2.603864e+000
9.000002998921288e-003	0.000000e+000	-2.603095e+000
9.000005994842575e-003	0.000000e+000	-2.601776e+000
9.000008990763862e-003	0.000000e+000	-2.599907e+000
9.000011986685151e-003	0.000000e+000	-2.597487e+000
9.000014982606438e-003	0.000000e+000	-2.594517e+000
9.000017978527725e-003	0.000000e+000	-2.590996e+000
9.000020974449012e-003	0.000000e+000	-2.586925e+000
9.000031416728697e-003	0.000000e+000	-2.572374e+000
9.000044361532776e-003	0.000000e+000	-2.552351e+000
9.000056140754106e-003	0.000000e+000	-2.534547e+000
9.000070461392271e-003	0.000000e+000	-2.515213e+000
9.000084115092809e-003	0.000000e+000	-2.500139e+000
9.000100104812111e-003	0.000000e+000	-2.486945e+000
9.000115902179690e-003	0.000000e+000	-2.478187e+000
9.000134691963101e-003	0.000000e+000	-2.472325e+000
9.000157011077394e-003	0.000000e+000	-2.469149e+000
9.000168795000664e-003	0.000000e+000	-2.468704e+000
9.000177423399388e-003	0.000000e+000	-2.468877e+000
9.000188365748034e-003	0.000000e+000	-2.469347e+000
9.000198715476261e-003	0.000000e+000	-2.469908e+000
9.000211535608964e-003	0.000000e+000	-2.470657e+000
9.000223481810843e-003	0.000000e+000	-2.471324e+000
9.000237949396077e-003	0.000000e+000	-2.472033e+000
9.000251810063578e-003	0.000000e+000	-2.472578e+000
9.000268256254973e-003	0.000000e+000	-2.473044e+000
9.000286829924216e-003	0.000000e+000	-2.473369e+000
9.000312927422550e-003	0.000000e+000	-2.473580e+000
9.000341939395700e-003	0.000000e+000	-2.473632e+000
9.000369744952488e-003	0.000000e+000	-2.473594e+000
9.000404679201313e-003	0.000000e+000	-2.473526e+000
9.000437491544088e-003	0.000000e+000	-2.473484e+000
9.000484597992645e-003	0.000000e+000	-2.473464e+000
9.000550113228556e-003	0.000000e+000	-2.473463e+000
9.000646772654376e-003	0.000000e+000	-2.473468e+000
1.000000000100000e-002	0.000000e+000	-2.473447e+000
1.000000000200000e-002	1.000000e+000	-2.342995e+000
1.000000299792129e-002	1.000000e+000	-2.343767e+000
1.000000599384258e-002	1.000000e+000	-2.345089e+000
1.000000898976386e-002	1.000000e+000	-2.346961e+000
1.000001198568515e-002	1.000000e+000	-2.349383e+000
1.000001498160644e-002	1.000000e+000	-2.352356e+000
1.000001797752773e-002	1.000000e+000	-2.355878e+000
1.000002097344901e-002	1.000000e+000	-2.359951e+000
1.000003142182122e-002	1.000000e+000	-2.374517e+000
1.000004437025505e-002	1.000000e+000	-2.394555e+000
1.000005615730552e-002	1.000000e+000	-2.412377e+000
1.000007048437405e-002	1.000000e+000	-2.431729e+000
1.000008414853627e-002	1.000000e+000	-2.446820e+000
1.000010014863713e-002	1.000000e+000	-2.460030e+000
1.000011596141957e-002	1.000000e+000	-2.468802e+000
1.000013477344498e-002	1.000000e+000	-2.474678e+000
1.000015714659867e-002	1.000000e+000	-2.477871e+000
1.000016891526175e-002	1.000000e+000	-2.478323e+000
1.000017755189279e-002	1.000000e+000	-2.478156e+000
1.000018848559478e-002	1.000000e+000	-2.477696e+000
1.000019868901700e-002	1.000000e+000	-2.477153e+000
1.000022322418128e-002	1.000000e+000	-2.475773e+000
1.000023758544979e-002	1.000000e+000	-2.475081e+000
1.000025124995281e-002	1.000000e+000	-2.474554e+000
1.000026774841473e-002	1.000000e+000	-2.474096e+000
1.000028611787599e-002	1.000000e+000	-2.473786e+000
1.000031203793109e-002	1.000000e+000	-2.473598e+000
1.000034243877328e-002	1.000000e+000	-2.473572e+000
1.000043862623599e-002	1.000000e+000	-2.473815e+000
1.000048600864809e-002	1.000000e+000	-2.473883e+000
1.100000000200000e-002	1.000000e+000	-3.473316e+000
1.100000000300000e-002	0.000000e+000	-3.603766e+000
1.100000299892129e-002	0.000000e+000	-3.602998e+000
1.100000599484258e-002	0.000000e+000	-3.601679e+000
1.100000899076386e-002	0.000000e+000	-3.599809e+000
1.100001198668515e-002	0.000000e+000	-3.597390e+000
1.100001498260644e-002	0.000000e+000	-3.594419e+000
1.100001797852773e-002	0.000000e+000	-3.590899e+000
1.100002097444901e-002	0.000000e+000	-3.586827e+000
1.100003141640706e-002	0.000000e+000	-3.572277e+000
1.100004436108957e-002	0.000000e+000	-3.552254e+000
1.100005613999990e-002	0.000000e+000	-3.534451e+000
1.100007046046066e-002	0.000000e+000	-3.515116e+000
1.100008411377760e-002	0.000000e+000	-3.500043e+000
1.100010010314537e-002	0.000000e+000	-3.486849e+000
1.100011589986616e-002	0.000000e+000	-3.478091e+000
1.100013468862587e-002	0.000000e+000	-3.472228e+000
1.100015700488706e-002	0.000000e+000	-3.469052e+000
1.100016878971678e-002	0.000000e+000	-3.468607e+000
1.100017741773818e-002	0.000000e+000	-3.468779e+000
1.100018836069024e-002	0.000000e+000	-3.469249e+000
1.100019871715011e-002	0.000000e+000	-3.469810e+000
1.100021154111063e-002	0.000000e+000	-3.470559e+000
1.100022349436242e-002	0.000000e+000	-3.471227e+000
1.100023796703548e-002	0.000000e+000	-3.471936e+000
1.100025183686841e-002	0.000000e+000	-3.472481e+000
1.100026828070214e-002	0.000000e+000	-3.472947e+000
1.100028686385506e-002	0.000000e+000	-3.473272e+000
1.100031296972954e-002	0.000000e+000	-3.473483e+000
1.100034191935634e-002	0.000000e+000	-3.473534e+000
1.100036969928989e-002	0.000000e+000	-3.473496e+000
1.100040463257961e-002	0.000000e+000	-3.473428e+000
1.100043744393833e-002	0.000000e+000	-3.473387e+000
1.100048453893741e-002	0.000000e+000	-3.473366e+000
1.100054999116574e-002	0.000000e+000	-3.473365e+000
1.100064664305371e-002	0.000000e+000	-3.473370e+000
1.200000000100000e-002	0.000000e+000	-3.473345e+000
1.200000000200000e-002	1.000000e+000	-3.342894e+000
1.200000299792129e-002	1.000000e+000	-3.343665e+000
1.200000599384258e-002	1.000000e+000	-3.344987e+000
1.200000898976386e-002	1.000000e+000	-3.346859e+000
1.200001198568515e-002	1.000000e+000	-3.349281e+000
1.200001498160644e-002	1.000000e+000	-3.352254e+000
1.200001797752773e-002	1.000000e+000	-3.355776e+000
1.200002097344901e-002	1.000000e+000	-3.359849e+000
1.200003142214278e-002	1.000000e+000	-3.374416e+000
1.200004437069808e-002	1.000000e+000	-3.394453e+000
1.200005615805962e-002	1.000000e+000	-3.412277e+000
1.200007048530557e-002	1.000000e+000	-3.431628e+000
1.200008414985157e-002	1.000000e+000	-3.446719e+000
1.200010015030402e-002	1.000000e+000	-3.459929e+000
1.200011596373370e-002	1.000000e+000	-3.468701e+000
1.200013477678379e-002	1.000000e+000	-3.474577e+000
1.200015715279926e-002	1.000000e+000	-3.477770e+000
1.200016892055044e-002	1.000000e+000	-3.478221e+000
1.200017755755962e-002	1.000000e+000	-3.478054e+000
1.200018849066024e-002	1.000000e+000	-3.477594e+000
1.200019868721018e-002	1.000000e+000	-3.477051e+000
1.200022321128434e-002	1.000000e+000	-3.475672e+000
1.200023756736749e-002	1.000000e+000	-3.474980e+000
1.200025122257238e-002	1.000000e+000	-3.474452e+000
1.200026772351089e-002	1.000000e+000	-3.473994e+000
1.200028608339265e-002	1.000000e+000	-3.473685e+000
1.200031199531811e-002	1.000000e+000	-3.473496e+000
1.200034246176681e-002	1.000000e+000	-3.473470e+000
1.200043867864353e-002	1.000000e+000	-3.473713e+000
1.200048607386871e-002	1.000000e+000	-3.473781e+000
1.300000000200000e-002	1.000000e+000	-4.473209e+000
1.300000000300000e-002	0.000000e+000	-4.603660e+000
1.300000299892129e-002	0.000000e+000	-4.602891e+000
1.300000599484258e-002	0.000000e+000	-4.601572e+000
1.300000899076386e-002	0.000000e+000	-4.599702e+000
1.300001198668515e-002	0.000000e+000	-4.597283e+000
1.300001498260644e-002	0.000000e+000	-4.594312e+000
1.300001797852773e-002	0.000000e+000	-4.590792e+000
1.300002097444901e-002	0.000000e+000	-4.586721e+000
1.300003141608562e-002	0.000000e+000	-4.572171e+000
1.300004436064640e-002	0.000000e+000	-4.552148e+000
1.300005613924585e-002	0.000000e+000	-4.534345e+000
1.300007045952904e-002	0.000000e+000	-4.515010e+000
1.300008411246252e-002	0.000000e+000	-4.499938e+000
1.300010010147869e-002	0.000000e+000	-4.486743e+000
1.300011589755278e-002	0.000000e+000	-4.477985e+000
1.300013468528871e-002	0.000000e+000	-4.472122e+000
1.300015699869759e-002	0.000000e+000	-4.468946e+000
1.300016878443337e-002	0.000000e+000	-4.468501e+000
1.300017741207740e-002	0.000000e+000	-4.468673e+000
1.300018835563289e-002	0.000000e+000	-4.469142e+000
1.300019871881832e-002	0.000000e+000	-4.469704e+000
1.300021154660336e-002	0.000000e+000	-4.470453e+000
1.300022350689911e-002	0.000000e+000	-4.471121e+000
1.300023798465599e-002	0.000000e+000	-4.471830e+000
1.300025186364818e-002	0.000000e+000	-4.472375e+000
1.300026830512943e-002	0.000000e+000	-4.472841e+000
1.300028689776084e-002	0.000000e+000	-4.473166e+000
1.300031301202473e-002	0.000000e+000	-4.473377e+000
1.300034189942457e-002	0.000000e+000	-4.473428e+000
1.300036965377878e-002	0.000000e+000	-4.473390e+000
1.300040458611609e-002	0.000000e+000	-4.473322e+000
1.300043739650159e-002	0.000000e+000	-4.473281e+000
1.300048448010924e-002	0.000000e+000	-4.473260e+000
1.300054986969697e-002	0.000000e+000	-4.473259e+000
1.300064651416498e-002	0.000000e+000	-4.473264e+000
1.400000000100000e-002	0.000000e+000	-4.473234e+000
1.400000000200000e-002	1.000000e+000	-4.342783e+000
1.400000299792129e-002	1.000000e+000	-4.343554e+000
1.400000599384258e-002	1.000000e+000	-4.344876e+000
1.400000898976386e-002	1.000000e+000	-4.346748e+000
1.400001198568515e-002	1.000000e+000	-4.349170e+000
1.400001498160644e-002	1.000000e+000	-4.352143e+000
1.400001797752773e-002	1.000000e+000	-4.355665e+000
1.400002097344901e-002	1.000000e+000	-4.359738e+000
1.400003142246409e-002	1.000000e+000	-4.374306e+000
1.400004437114109e-002	1.000000e+000	-4.394343e+000
1.400005615881351e-002	1.000000e+000	-4.412167e+000
1.400007048623706e-002	1.000000e+000	-4.431519e+000
1.400008415116666e-002	1.000000e+000	-4.446610e+000
1.400010015197090e-002	1.000000e+000	-4.459819e+000
1.400011596604772e-002	1.000000e+000	-4.468591e+000
1.400013478012247e-002	1.000000e+000	-4.474467e+000
1.400015715899995e-002	1.000000e+000	-4.477660e+000
1.400016892583894e-002	1.000000e+000	-4.478110e+000
1.400017756322628e-002	1.000000e+000	-4.477943e+000
1.400018849572574e-002	1.000000e+000	-4.477483e+000
1.400019868539660e-002	1.000000e+000	-4.476941e+000
1.400022319837197e-002	1.000000e+000	-4.475562e+000
1.400023754926406e-002	1.000000e+000	-4.474870e+000
1.400025119516479e-002	1.000000e+000	-4.474343e+000
1.400026769858591e-002	1.000000e+000	-4.473885e+000
1.400028604888401e-002	1.000000e+000	-4.473575e+000
1.400031195269105e-002	1.000000e+000	-4.473385e+000
1.400034248491744e-002	1.000000e+000	-4.473360e+000
1.400043873130652e-002	1.000000e+000	-4.473603e+000
1.400048613941527e-002	1.000000e+000	-4.473670e+000
1.500000000200000e-002	1.000000e+000	-5.473094e+000
1.500000000300000e-002	0.000000e+000	-5.603545e+000
1.500000299892129e-002	0.000000e+000	-5.602776e+000
1.500000599484258e-002	0.000000e+000	-5.601457e+000
1.500000899076386e-002	0.000000e+000	-5.599588e+000
1.500001198668515e-002	0.000000e+000	-5.597168e+000
1.500001498260644e-002	0.000000e+000	-5.594198e+000
1.500001797852773e-002	0.000000e+000	-5.590677e+000
1.500002097444901e-002	0.000000e+000	-5.586606e+000
1.500003141576412e-002	0.000000e+000	-5.572056e+000
1.500004436020313e-002	0.000000e+000	-5.552034e+000
1.500005613849170e-002	0.000000e+000	-5.534231e+000
1.500007045859737e-002	0.000000e+000	-5.514896e+000
1.500008411114735e-002	0.000000e+000	-5.499824e+000
1.500010009981187e-002	0.000000e+000	-5.486629e+000
1.500011589523935e-002	0.000000e+000	-5.477871e+000
1.500013468195152e-002	0.000000e+000	-5.472008e+000
1.500015699250829e-002	0.000000e+000	-5.468831e+000
1.500016877914985e-002	0.000000e+000	-5.468385e+000
1.500017740641657e-002	0.000000e+000	-5.468557e+000
1.500018835057559e-002	0.000000e+000	-5.469027e+000
1.500019872048061e-002	0.000000e+000	-5.469589e+000
1.500021155208637e-002	0.000000e+000	-5.470339e+000
1.500022351941987e-002	0.000000e+000	-5.471007e+000
1.500023800225657e-002	0.000000e+000	-5.471716e+000
1.500025189040192e-002	0.000000e+000	-5.472261e+000
1.500026832953646e-002	0.000000e+000	-5.472727e+000
1.500028693164202e-002	0.000000e+000	-5.473052e+000
1.500031305430348e-002	0.000000e+000	-5.473262e+000
1.500034187959931e-002	0.000000e+000	-5.473313e+000
1.500036960842592e-002	0.000000e+000	-5.473275e+000
1.500040453981617e-002	0.000000e+000	-5.473207e+000
1.500043734924245e-002	0.000000e+000	-5.473166e+000
1.500048442150239e-002	0.000000e+000	-5.473145e+000
1.500054974884562e-002	0.000000e+000	-5.473144e+000
1.500064638604368e-002	0.000000e+000	-5.473149e+000
1.598437500100000e-002	0.000000e+000	-5.473115e+000
1.600000000000000e-002	0.000000e+000	-5.473114e+000
