Freq	Ampl	phase
1.00000000000000e+000	6.40320321382940e+001  9.03972238736427e+001
1.25892541179417e+000	6.20321091901130e+001  9.03155084822205e+001
1.58489319246111e+000	6.00321578085521e+001  9.02505936539218e+001
1.99526231496888e+000	5.80321884870929e+001  9.01990231427636e+001
2.51188643150958e+000	5.60322078473824e+001  9.01580509844903e+001
3.16227766016838e+000	5.40322200682174e+001  9.01254954394492e+001
3.98107170553497e+000	5.20322277874189e+001  9.00996228949546e+001
5.01187233627272e+000	5.00322326711597e+001  9.00790555881741e+001
6.30957344480194e+000	4.80322357735896e+001  9.00626982573292e+001
7.94328234724282e+000	4.60322377643664e+001  9.00496798260847e+001
1.00000000000000e+001	4.40322390731990e+001  9.00393070211084e+001
1.25892541179417e+001	4.20322399825991e+001  9.00310274555195e+001
1.58489319246111e+001	4.00322406888611e+001  9.00244002136673e+001
1.99526231496888e+001	3.80322413444317e+001  9.00190723714644e+001
2.51188643150958e+001	3.60322420908163e+001  9.00147602022437e+001
3.16227766016838e+001	3.40322430891224e+001  9.00112340674557e+001
3.98107170553498e+001	3.20322445548345e+001  9.00083061876718e+001
5.01187233627273e+001	3.00322468043273e+001  9.00058206426971e+001
6.30957344480194e+001	2.80322503231539e+001  9.00036450682920e+001
7.94328234724283e+001	2.60322558708530e+001  9.00016636073398e+001
1.00000000000000e+002	2.40322646448929e+001  8.99997707401095e+001
1.25892541179417e+002	2.20322785391413e+001  8.99978656650891e+001
1.58489319246112e+002	2.00323005526450e+001  8.99958469312206e+001
1.99526231496888e+002	1.80323354369451e+001  8.99936070358244e+001
2.51188643150958e+002	1.60323907216212e+001  8.99910267008115e+001
3.16227766016838e+002	1.40324783393603e+001  8.99879685229281e+001
3.98107170553498e+002	1.20326172011411e+001  8.99842696609966e+001
5.01187233627273e+002	1.00328372769449e+001  8.99797331729360e+001
6.30957344480194e+002	8.03318606169013e+000  8.99741175456469e+001
7.94328234724283e+002	6.03373881924686e+000  8.99671238689993e+001
1.00000000000000e+003	4.03461480862193e+000  8.99583799884555e+001
1.25892541179417e+003	2.03600297696187e+000  8.99474208273862e+001
1.58489319246112e+003	3.82026205912787e-002  8.99336639008080e+001
1.99526231496888e+003	-1.95831232114972e+000  8.99163788549578e+001
2.51188643150959e+003	-3.95279174194629e+000  8.98946496849846e+001
3.16227766016839e+003	-5.94404940251830e+000  8.98673281607911e+001
3.98107170553498e+003	-7.93021174717853e+000  8.98329770453098e+001
5.01187233627273e+003	-9.90832564851715e+000  8.97898021521102e+001
6.30957344480195e+003	-1.18737512133605e+001  8.97355735907065e+001
7.94328234724283e+003	-1.38192350966696e+001  8.96675394142773e+001
1.00000000000000e+004	-1.57335284796093e+001  8.95823403341939e+001
1.25892541179417e+004	-1.75994034660876e+001  8.94759429938751e+001
1.58489319246112e+004	-1.93909878183870e+001  8.93436199199210e+001
1.99526231496889e+004	-2.10705967122510e+001  8.91800067932486e+001
2.51188643150959e+004	-2.25858705944575e+001  8.89792330860057e+001
3.16227766016839e+004	-2.38691415888784e+001  8.87349981406178e+001
3.98107170553498e+004	-2.48421376358929e+001  8.84402267404897e+001
5.01187233627274e+004	-2.54288057073146e+001  8.80857534455014e+001
6.30957344480195e+004	-2.55749608850739e+001  8.76578139915796e+001
7.94328234724284e+004	-2.52664534187751e+001  8.71351581690647e+001
1.00000000000000e+005	-2.45346441730038e+001  8.64872954641502e+001
1.25892541179417e+005	-2.34453866690056e+001  8.56744195510715e+001
1.58489319246112e+005	-2.20792065742364e+001  8.46478779780519e+001
1.99526231496889e+005	-2.05139233372801e+001  8.33497956613084e+001
2.51188643150959e+005	-1.88154805848539e+001  8.17115932970318e+001
3.16227766016839e+005	-1.70363405766435e+001  7.96521868847589e+001
3.98107170553499e+005	-1.52183009810333e+001  7.70771507002921e+001
5.01187233627274e+005	-1.33970745502608e+001  7.38805831923083e+001
6.30957344480196e+005	-1.16071436818429e+001  6.99522245656329e+001
7.94328234724285e+005	-9.88607075671769e+000  6.51932979870859e+001
1.00000000000000e+006	-8.27738448901299e+000  5.95443752225725e+001
1.25892541179417e+006	-6.83063692012261e+000  5.30248684509642e+001
1.58489319246112e+006	-5.59700880365297e+000  4.57743635088254e+001
1.99526231496889e+006	-4.62012571137101e+000  3.80743759871333e+001
2.51188643150959e+006	-3.92475878939014e+000  3.03282553997867e+001
3.16227766016839e+006	-3.50832237647854e+000  2.29965290034557e+001
3.98107170553499e+006	-3.33871263578553e+000  1.65087517268358e+001
5.01187233627275e+006	-3.35906036074822e+000  1.11767791316586e+001
6.30957344480196e+006	-3.49896727069463e+000  7.13004463036039e+000
7.94328234724285e+006	-3.69033920546535e+000  4.29964858868560e+000
1.00000000000000e+007	-3.88178840847878e+000  2.46834709141063e+000
1.25892541179417e+007	-4.04467968764174e+000  1.36176107086176e+000
1.58489319246112e+007	-4.16979870211926e+000  7.29097734364576e-001
1.99526231496889e+007	-4.25959452451092e+000  3.82188428503028e-001
2.51188643150959e+007	-4.32119045304529e+000  1.97547080331689e-001
3.16227766016839e+007	-4.36220237925119e+000  1.01241335771443e-001
3.98107170553499e+007	-4.38898456763690e+000  5.16663892174277e-002
5.01187233627275e+007	-4.40625698252833e+000  2.63512259621943e-002
6.30957344480196e+007	-4.41730758069585e+000  1.34794762075014e-002
7.94328234724286e+007	-4.42434164111256e+000  6.94330377508738e-003
1.00000000000001e+008	-4.42880459253855e+000  3.61963642877168e-003
1.25892541179417e+008	-4.43163044087226e+000  1.92217510447856e-003
1.58489319246112e+008	-4.43341739344921e+000  1.04827072707406e-003
1.99526231496889e+008	-4.43454646572325e+000  5.92523415296552e-004
2.51188643150959e+008	-4.43525949269829e+000  3.50205360362776e-004
3.16227766016840e+008	-4.43570963356462e+000  2.17778861745163e-004
3.98107170553499e+008	-4.43599375333902e+000  1.42707707530447e-004
5.01187233627275e+008	-4.43617306065866e+000  9.81775032779835e-005
6.30957344480197e+008	-4.43628621180177e+000  7.03777347995330e-005
7.94328234724286e+008	-4.43635761166663e+000  5.20890879993469e-005
1.00000000000000e+009	-4.43640266445205e+000  3.94645617686266e-005
