TIME  IN1  IN2
100  3.079834  -0.979004
99.805  2.922363  -0.910645
99.609  2.849121  -0.814209
99.414  2.832031  -0.721436
99.219  2.825928  -0.631104
99.023  2.824707  -0.540771
98.828  2.827148  -0.45166
98.633  2.82959  -0.362549
98.438  2.825928  -0.2771
98.242  2.825928  -0.19165
98.047  2.825928  -0.107422
97.852  2.824707  -0.023193
97.656  2.825928  0.059814
97.461  2.825928  0.142822
97.266  2.824707  0.223389
97.07  2.824707  0.302734
96.875  2.824707  0.380859
96.68  2.825928  0.452881
96.484  2.827148  0.506592
96.289  2.825928  0.531006
96.094  2.825928  0.539551
95.898  2.827148  0.540771
95.703  2.827148  0.540771
95.508  2.825928  0.540771
95.313  2.823486  0.539551
95.117  2.823486  0.540771
94.922  2.825928  0.540771
94.727  2.827148  0.540771
94.531  2.825928  0.540771
94.336  2.825928  0.540771
94.141  2.825928  0.541992
93.945  2.825928  0.541992
93.75  2.825928  0.541992
93.555  2.825928  0.540771
93.359  2.825928  0.540771
93.164  2.824707  0.540771
92.969  2.823486  0.540771
92.773  2.824707  0.540771
92.578  2.824707  0.540771
92.383  2.825928  0.540771
92.188  2.82959  0.541992
91.992  2.830811  0.543213
91.797  2.827148  0.541992
91.602  2.825928  0.541992
91.406  2.825928  0.541992
91.211  2.827148  0.541992
91.016  2.827148  0.541992
90.82  2.827148  0.541992
90.625  2.825928  0.541992
90.43  2.825928  0.540771
90.234  2.822266  0.540771
90.039  2.822266  0.540771
89.844  2.823486  0.540771
89.648  2.823486  0.540771
89.453  2.824707  0.540771
89.258  2.825928  0.541992
89.063  2.827148  0.541992
88.867  2.827148  0.541992
88.672  2.824707  0.540771
88.477  2.825928  0.541992
88.281  2.828369  0.541992
88.086  2.828369  0.541992
87.891  2.82959  0.543213
87.695  2.827148  0.541992
87.5  2.827148  0.541992
87.305  2.82959  0.543213
87.109  2.82959  0.541992
86.914  2.828369  0.541992
86.719  2.828369  0.541992
86.523  2.827148  0.540771
86.328  2.827148  0.541992
86.133  2.827148  0.541992
85.938  2.827148  0.541992
85.742  2.827148  0.541992
85.547  2.82959  0.543213
85.352  2.833252  0.543213
85.156  2.82959  0.541992
84.961  2.828369  0.541992
84.766  2.827148  0.541992
84.57  2.82959  0.541992
84.375  2.830811  0.541992
84.18  2.828369  0.541992
83.984  -3.052979  0.476074
83.789  -2.845459  0.380859
83.594  -2.797852  0.296631
83.398  -2.785645  0.214844
83.203  -2.783203  0.134277
83.008  -2.781982  0.053711
82.813  -2.781982  -0.025635
82.617  -2.784424  -0.10498
82.422  -2.786865  -0.183105
82.227  -2.789307  -0.26123
82.031  -2.792969  -0.336914
81.836  -2.789307  -0.410156
81.641  -2.786865  -0.484619
81.445  -2.786865  -0.556641
81.25  -2.789307  -0.629883
81.055  -2.789307  -0.701904
80.859  -2.788086  -0.772705
80.664  -2.786865  -0.843506
80.469  -2.786865  -0.913086
80.273  -2.783203  -0.981445
80.078  -2.783203  -1.026611
79.883  2.994385  -0.950928
79.688  2.86499  -0.853271
79.492  2.835693  -0.758057
79.297  2.827148  -0.666504
79.102  2.824707  -0.576172
78.906  2.824707  -0.487061
78.711  2.828369  -0.397949
78.516  2.828369  -0.310059
78.32  2.824707  -0.22583
78.125  2.823486  -0.140381
77.93  2.824707  -0.056152
77.734  2.825928  0.028076
77.539  2.825928  0.111084
77.344  2.824707  0.19165
77.148  2.823486  0.272217
76.953  2.823486  0.350342
76.758  2.825928  0.426025
76.563  2.825928  0.488281
76.367  2.825928  0.524902
76.172  2.825928  0.537109
75.977  2.827148  0.539551
75.781  2.824707  0.540771
75.586  2.823486  0.539551
75.391  2.823486  0.540771
75.195  2.823486  0.540771
75  2.824707  0.540771
74.805  2.825928  0.541992
74.609  2.825928  0.541992
74.414  2.824707  0.540771
74.219  2.825928  0.540771
74.023  2.825928  0.541992
73.828  2.825928  0.540771
73.633  2.825928  0.540771
73.438  2.824707  0.540771
73.242  2.824707  0.540771
73.047  2.823486  0.540771
72.852  2.823486  0.540771
72.656  2.823486  0.540771
72.461  2.825928  0.541992
72.266  2.828369  0.541992
72.07  2.82959  0.543213
71.875  2.828369  0.541992
71.68  2.825928  0.541992
71.484  2.825928  0.541992
71.289  2.825928  0.541992
71.094  2.827148  0.541992
70.898  2.824707  0.540771
70.703  2.824707  0.540771
70.508  2.825928  0.541992
70.313  2.824707  0.541992
70.117  2.822266  0.540771
69.922  2.822266  0.540771
69.727  2.823486  0.540771
69.531  2.823486  0.540771
69.336  2.825928  0.541992
69.141  2.825928  0.541992
68.945  2.827148  0.541992
68.75  2.823486  0.541992
68.555  2.823486  0.541992
68.359  2.827148  0.541992
68.164  2.828369  0.541992
67.969  2.828369  0.543213
67.773  2.827148  0.541992
67.578  2.827148  0.541992
67.383  2.828369  0.541992
67.188  2.82959  0.541992
66.992  2.82959  0.543213
66.797  2.827148  0.541992
66.602  2.827148  0.541992
66.406  2.828369  0.541992
66.211  2.827148  0.541992
66.016  2.827148  0.541992
65.82  2.828369  0.541992
65.625  2.828369  0.543213
65.43  2.830811  0.543213
65.234  2.832031  0.543213
65.039  2.82959  0.541992
64.844  2.828369  0.541992
64.648  2.828369  0.541992
64.453  2.82959  0.543213
64.258  2.82959  0.543213
64.063  -1.123047  0.526123
63.867  -2.893066  0.41626
63.672  -2.808838  0.32959
63.477  -2.789307  0.246582
63.281  -2.784424  0.166016
63.086  -2.783203  0.085449
62.891  -2.784424  0.004883
62.695  -2.784424  -0.073242
62.5  -2.785645  -0.152588
62.305  -2.788086  -0.229492
62.109  -2.791748  -0.306396
61.914  -2.791748  -0.38208
61.719  -2.786865  -0.456543
61.523  -2.785645  -0.528564
61.328  -2.788086  -0.601807
61.133  -2.789307  -0.675049
60.938  -2.789307  -0.74585
60.742  -2.788086  -0.81665
60.547  -2.788086  -0.88623
60.352  -2.788086  -0.932617
60.156  -2.785645  -1.000977
59.961  3.125  -0.992432
59.766  2.894287  -0.891113
59.57  2.841797  -0.794678
59.375  2.82959  -0.701904
59.18  2.825928  -0.611572
58.984  2.823486  -0.522461
58.789  2.827148  -0.432129
58.594  2.827148  -0.345459
58.398  2.825928  -0.258789
58.203  2.824707  -0.17334
58.008  2.822266  -0.090332
57.813  2.824707  -0.004883
57.617  2.824707  0.078125
57.422  2.823486  0.159912
57.227  2.823486  0.240479
57.031  2.822266  0.319824
56.836  2.823486  0.397949
56.641  2.824707  0.466309
56.445  2.824707  0.513916
56.25  2.824707  0.533447
56.055  2.824707  0.53833
55.859  2.824707  0.539551
55.664  2.824707  0.540771
55.469  2.822266  0.539551
55.273  2.821045  0.539551
55.078  2.823486  0.540771
54.883  2.825928  0.541992
54.688  2.825928  0.540771
54.492  2.824707  0.540771
54.297  2.824707  0.540771
54.102  2.824707  0.541992
53.906  2.825928  0.540771
53.711  2.825928  0.540771
53.516  2.824707  0.540771
53.32  2.824707  0.540771
53.125  2.824707  0.540771
52.93  2.823486  0.540771
52.734  2.823486  0.540771
52.539  2.824707  0.541992
52.344  2.827148  0.541992
52.148  2.828369  0.541992
51.953  2.82959  0.543213
51.758  2.825928  0.540771
51.563  2.825928  0.540771
51.367  2.827148  0.541992
51.172  2.827148  0.541992
50.977  2.827148  0.541992
50.781  2.827148  0.541992
50.586  2.825928  0.540771
50.391  2.825928  0.541992
50.195  2.825928  0.540771
50  2.821045  0.540771
49.805  2.823486  0.540771
49.609  2.823486  0.540771
49.414  2.824707  0.540771
49.219  2.825928  0.541992
49.023  2.827148  0.541992
48.828  2.824707  0.540771
48.633  2.824707  0.540771
48.438  2.827148  0.541992
48.242  2.827148  0.541992
48.047  2.828369  0.541992
47.852  2.82959  0.541992
47.656  2.828369  0.541992
47.461  2.827148  0.541992
47.266  2.82959  0.543213
47.07  2.830811  0.543213
46.875  2.82959  0.543213
46.68  2.82959  0.541992
46.484  2.828369  0.541992
46.289  2.828369  0.541992
46.094  2.827148  0.541992
45.898  2.828369  0.541992
45.703  2.828369  0.541992
45.508  2.830811  0.543213
45.313  2.833252  0.543213
45.117  2.830811  0.541992
44.922  2.82959  0.541992
44.727  2.828369  0.541992
44.531  2.82959  0.541992
44.336  2.830811  0.541992
44.141  2.82959  0.541992
43.945  -2.978516  0.452881
43.75  -2.828369  0.362549
43.555  -2.794189  0.27832
43.359  -2.785645  0.196533
43.164  -2.781982  0.115967
42.969  -2.783203  0.036621
42.773  -2.783203  -0.043945
42.578  -2.784424  -0.12207
42.383  -2.785645  -0.200195
42.188  -2.790527  -0.2771
41.992  -2.791748  -0.352783
41.797  -2.788086  -0.427246
41.602  -2.786865  -0.500488
41.406  -2.786865  -0.57373
41.211  -2.790527  -0.646973
41.016  -2.789307  -0.718994
40.82  -2.790527  -0.789795
40.625  -2.786865  -0.836182
40.43  -2.788086  -0.905762
40.234  -2.789307  -0.974121
40.039  0.001221  -1.031494
39.844  2.946777  -0.928955
39.648  2.854004  -0.831299
39.453  2.833252  -0.738525
39.258  2.825928  -0.646973
39.063  2.824707  -0.556641
38.867  2.825928  -0.467529
38.672  2.827148  -0.378418
38.477  2.827148  -0.291748
38.281  2.823486  -0.20752
38.086  2.824707  -0.12207
37.891  2.824707  -0.037842
37.695  2.825928  0.045166
37.5  2.824707  0.128174
37.305  2.823486  0.20874
37.109  2.823486  0.289307
36.914  2.824707  0.367432
36.719  2.825928  0.440674
36.523  2.825928  0.498047
36.328  2.825928  0.527344
36.133  2.825928  0.537109
35.938  2.825928  0.539551
35.742  2.825928  0.539551
35.547  2.824707  0.539551
35.352  2.821045  0.539551
35.156  2.824707  0.540771
34.961  2.824707  0.540771
34.766  2.827148  0.541992
34.57  2.825928  0.540771
34.375  2.824707  0.540771
34.18  2.825928  0.540771
33.984  2.825928  0.541992
33.789  2.825928  0.540771
33.594  2.825928  0.540771
33.398  2.825928  0.540771
33.203  2.824707  0.540771
33.008  2.823486  0.540771
32.813  2.824707  0.540771
32.617  2.824707  0.540771
32.422  2.825928  0.541992
32.227  2.82959  0.543213
32.031  2.830811  0.543213
31.836  2.828369  0.541992
31.641  2.825928  0.540771
31.445  2.825928  0.540771
31.25  2.827148  0.541992
31.055  2.827148  0.541992
30.859  2.827148  0.541992
30.664  2.825928  0.541992
30.469  2.825928  0.540771
30.273  2.825928  0.541992
30.078  2.824707  0.540771
29.883  2.823486  0.540771
29.688  2.823486  0.540771
29.492  2.824707  0.540771
29.297  2.825928  0.540771
29.102  2.825928  0.541992
28.906  2.827148  0.541992
28.711  2.824707  0.540771
28.516  2.824707  0.540771
28.32  2.827148  0.541992
28.125  2.828369  0.541992
27.93  2.828369  0.541992
27.734  2.827148  0.541992
27.539  2.825928  0.541992
27.344  2.828369  0.541992
27.148  2.828369  0.541992
26.953  2.828369  0.541992
26.758  2.827148  0.541992
26.563  2.827148  0.540771
26.367  2.827148  0.540771
26.172  2.827148  0.541992
25.977  2.825928  0.540771
25.781  2.827148  0.540771
25.586  2.828369  0.541992
25.391  2.82959  0.541992
25.195  2.82959  0.541992
25  2.828369  0.540771
24.805  2.827148  0.541992
24.609  2.828369  0.541992
24.414  2.82959  0.541992
24.219  2.828369  0.541992
24.023  -3.135986  0.496826
23.828  -2.86377  0.396729
23.633  -2.802734  0.311279
23.438  -2.786865  0.229492
23.242  -2.783203  0.147705
23.047  -2.783203  0.067139
22.852  -2.783203  -0.012207
22.656  -2.784424  -0.090332
22.461  -2.785645  -0.168457
22.266  -2.789307  -0.246582
22.07  -2.791748  -0.323486
21.875  -2.789307  -0.397949
21.68  -2.786865  -0.471191
21.484  -2.786865  -0.544434
21.289  -2.788086  -0.617676
21.094  -2.789307  -0.689697
20.898  -2.789307  -0.737305
20.703  -2.786865  -0.808105
20.508  -2.788086  -0.877686
20.313  -2.788086  -0.947266
20.117  -2.784424  -1.014404
19.922  3.041992  -0.969238
19.727  2.875977  -0.869141
19.531  2.838135  -0.775146
19.336  2.828369  -0.682373
19.141  2.824707  -0.592041
18.945  2.824707  -0.50293
18.75  2.828369  -0.412598
18.555  2.828369  -0.325928
18.359  2.824707  -0.240479
18.164  2.823486  -0.155029
17.969  2.824707  -0.070801
17.773  2.825928  0.013428
17.578  2.825928  0.096436
17.383  2.825928  0.177002
17.188  2.824707  0.257568
16.992  2.824707  0.338135
16.797  2.824707  0.413818
16.602  2.825928  0.478516
16.406  2.825928  0.52002
16.211  2.825928  0.535889
16.016  2.827148  0.539551
15.82  2.827148  0.540771
15.625  2.825928  0.540771
15.43  2.824707  0.539551
15.234  2.822266  0.539551
15.039  2.824707  0.540771
14.844  2.827148  0.541992
14.648  2.827148  0.540771
14.453  2.825928  0.540771
14.258  2.825928  0.540771
14.063  2.825928  0.540771
13.867  2.825928  0.541992
13.672  2.825928  0.541992
13.477  2.825928  0.540771
13.281  2.825928  0.540771
13.086  2.824707  0.540771
12.891  2.824707  0.540771
12.695  2.824707  0.540771
12.5  2.825928  0.540771
12.305  2.827148  0.541992
12.109  2.830811  0.543213
11.914  2.82959  0.541992
11.719  2.825928  0.540771
11.523  2.825928  0.540771
11.328  2.827148  0.541992
11.133  2.827148  0.541992
10.938  2.827148  0.541992
10.742  2.825928  0.540771
10.547  2.825928  0.540771
10.352  2.825928  0.540771
10.156  2.823486  0.540771
9.961  2.822266  0.540771
9.766  2.823486  0.540771
9.57  2.823486  0.540771
9.375  2.824707  0.540771
9.18  2.825928  0.541992
8.984  2.827148  0.541992
8.789  2.824707  0.540771
8.594  2.823486  0.540771
8.398  2.827148  0.541992
8.203  2.827148  0.541992
8.008  2.827148  0.541992
7.813  2.827148  0.541992
7.617  2.827148  0.541992
7.422  2.827148  0.541992
7.227  2.82959  0.541992
7.031  2.82959  0.541992
6.836  2.828369  0.541992
6.641  2.828369  0.541992
6.445  2.827148  0.541992
6.25  2.827148  0.541992
6.055  2.827148  0.541992
5.859  2.828369  0.541992
5.664  2.828369  0.541992
5.469  2.830811  0.543213
5.273  2.833252  0.543213
5.078  2.82959  0.541992
4.883  2.828369  0.541992
4.688  2.828369  0.541992
4.492  2.82959  0.541992
4.297  2.82959  0.541992
4.102  2.033691  0.539551
3.906  -2.924805  0.432129
3.711  -2.814941  0.344238
3.516  -2.790527  0.26001
3.32  -2.784424  0.179443
3.125  -2.783203  0.098877
2.93  -2.783203  0.018311
2.734  -2.783203  -0.061035
2.539  -2.784424  -0.13916
2.344  -2.786865  -0.216064
2.148  -2.790527  -0.292969
1.953  -2.790527  -0.368652
1.758  -2.786865  -0.443115
1.563  -2.785645  -0.516357
1.367  -2.786865  -0.5896
1.172  -2.788086  -0.638428
976.563  -2.789307  -0.709229
781.25  -2.789307  -0.780029
585.938  -2.786865  -0.85083
390.625  -2.785645  -0.92041
195.313  -2.784424  -0.98877
0  3.214111  -1.011963
-195.313  2.91626  -0.906982
-390.625  2.849121  -0.810547
-585.938  2.832031  -0.717773
-781.25  2.827148  -0.627441
-976.563  2.824707  -0.53833
-1.172  2.828369  -0.446777
-1.367  2.828369  -0.360107
-1.563  2.827148  -0.273438
-1.758  2.825928  -0.187988
-1.953  2.825928  -0.102539
-2.148  2.825928  -0.019531
-2.344  2.825928  0.063477
-2.539  2.825928  0.146484
-2.734  2.824707  0.22583
-2.93  2.824707  0.306396
-3.125  2.824707  0.384521
-3.32  2.825928  0.455322
-3.516  2.825928  0.506592
-3.711  2.827148  0.531006
-3.906  2.825928  0.53833
-4.102  2.827148  0.539551
-4.297  2.825928  0.540771
-4.492  2.824707  0.540771
-4.688  2.821045  0.539551
-4.883  2.825928  0.540771
-5.078  2.825928  0.540771
-5.273  2.827148  0.540771
-5.469  2.825928  0.540771
-5.664  2.824707  0.540771
-5.859  2.825928  0.540771
-6.055  2.827148  0.540771
-6.25  2.827148  0.541992
-6.445  2.827148  0.540771
-6.641  2.825928  0.540771
-6.836  2.824707  0.540771
-7.031  2.824707  0.540771
-7.227  2.823486  0.540771
-7.422  2.824707  0.540771
-7.617  2.827148  0.541992
-7.813  2.82959  0.541992
-8.008  2.82959  0.543213
-8.203  2.827148  0.541992
-8.398  2.827148  0.540771
-8.594  2.827148  0.541992
-8.789  2.827148  0.541992
-8.984  2.828369  0.541992
-9.18  2.825928  0.541992
-9.375  2.825928  0.540771
-9.57  2.825928  0.541992
-9.766  2.825928  0.541992
-9.961  2.822266  0.540771
-10.156  2.823486  0.540771
-10.352  2.823486  0.540771
-10.547  2.824707  0.540771
-10.742  2.827148  0.541992
-10.938  2.828369  0.541992
-11.133  2.825928  0.540771
-11.328  2.824707  0.540771
-11.523  2.825928  0.541992
-11.719  2.828369  0.541992
-11.914  2.828369  0.541992
-12.109  2.828369  0.541992
-12.305  2.828369  0.541992
-12.5  2.82959  0.541992
-12.695  2.82959  0.543213
-12.891  2.82959  0.541992
-13.086  2.82959  0.541992
-13.281  2.82959  0.541992
-13.477  2.828369  0.541992
-13.672  2.828369  0.541992
-13.867  2.827148  0.541992
-14.063  2.827148  0.541992
-14.258  2.828369  0.541992
-14.453  2.82959  0.541992
-14.648  2.832031  0.543213
-14.844  2.82959  0.541992
-15.039  2.82959  0.541992
-15.234  2.827148  0.541992
-15.43  2.828369  0.541992
-15.625  2.830811  0.543213
-15.82  2.82959  0.541992
-16.016  -3.037109  0.472412
-16.211  -2.840576  0.377197
-16.406  -2.796631  0.294189
-16.602  -2.785645  0.211182
-16.797  -2.783203  0.130615
-16.992  -2.783203  0.050049
-17.188  -2.783203  -0.029297
-17.383  -2.783203  -0.107422
-17.578  -2.785645  -0.186768
-17.773  -2.790527  -0.263672
-17.969  -2.790527  -0.340576
-18.164  -2.788086  -0.413818
-18.359  -2.786865  -0.488281
-18.555  -2.786865  -0.561523
-18.75  -2.788086  -0.609131
-18.945  -2.789307  -0.682373
-19.141  -2.789307  -0.753174
-19.336  -2.785645  -0.822754
-19.531  -2.786865  -0.893555
-19.727  -2.786865  -0.961914
-19.922  -2.784424  -1.029053
-20.117  2.984619  -0.946045
-20.313  2.86377  -0.848389
-20.508  2.835693  -0.754395
-20.703  2.827148  -0.662842
-20.898  2.825928  -0.57251
-21.094  2.825928  -0.483398
-21.289  2.828369  -0.394287
-21.484  2.828369  -0.306396
-21.68  2.825928  -0.222168
-21.875  2.824707  -0.136719
-22.07  2.824707  -0.05249
-22.266  2.825928  0.030518
-22.461  2.825928  0.113525
-22.656  2.823486  0.194092
-22.852  2.824707  0.274658
-23.047  2.824707  0.354004
-23.242  2.824707  0.428467
-23.438  2.825928  0.490723
-23.633  2.825928  0.524902
-23.828  2.825928  0.537109
-24.023  2.825928  0.539551
-24.219  2.825928  0.540771
-24.414  2.824707  0.540771
-24.609  2.823486  0.540771
-24.805  2.823486  0.540771
-25  2.824707  0.541992
-25.195  2.827148  0.541992
-25.391  2.827148  0.540771
-25.586  2.824707  0.540771
-25.781  2.825928  0.541992
-25.977  2.825928  0.541992
-26.172  2.825928  0.541992
-26.367  2.825928  0.541992
-26.563  2.825928  0.540771
-26.758  2.824707  0.540771
-26.953  2.824707  0.540771
-27.148  2.824707  0.540771
-27.344  2.824707  0.540771
-27.539  2.825928  0.541992
-27.734  2.828369  0.543213
-27.93  2.830811  0.543213
-28.125  2.82959  0.541992
-28.32  2.825928  0.541992
-28.516  2.825928  0.541992
-28.711  2.825928  0.541992
-28.906  2.827148  0.541992
-29.102  2.828369  0.541992
-29.297  2.825928  0.541992
-29.492  2.825928  0.541992
-29.688  2.824707  0.541992
-29.883  2.824707  0.540771
-30.078  2.823486  0.540771
-30.273  2.823486  0.540771
-30.469  2.823486  0.540771
-30.664  2.825928  0.540771
-30.859  2.825928  0.541992
-31.055  2.827148  0.541992
-31.25  2.823486  0.540771
-31.445  2.823486  0.540771
-31.641  2.827148  0.541992
-31.836  2.828369  0.541992
-32.031  2.828369  0.541992
-32.227  2.827148  0.541992
-32.422  2.827148  0.541992
-32.617  2.827148  0.541992
-32.813  2.82959  0.541992
-33.008  2.830811  0.541992
-33.203  2.828369  0.543213
-33.398  2.828369  0.541992
-33.594  2.828369  0.541992
-33.789  2.828369  0.541992
-33.984  2.827148  0.540771
-34.18  2.828369  0.541992
-34.375  2.82959  0.541992
-34.57  2.830811  0.543213
-34.766  2.832031  0.543213
-34.961  2.82959  0.541992
-35.156  2.828369  0.541992
-35.352  2.828369  0.541992
-35.547  2.82959  0.541992
-35.742  2.82959  0.541992
-35.938  -1.893311  0.52124
-36.133  -2.885742  0.412598
-36.328  -2.807617  0.325928
-36.523  -2.789307  0.244141
-36.719  -2.783203  0.161133
-36.914  -2.781982  0.081787
-37.109  -2.781982  0.001221
-37.305  -2.783203  -0.078125
-37.5  -2.784424  -0.15625
-37.695  -2.786865  -0.233154
-37.891  -2.790527  -0.310059
-38.086  -2.790527  -0.385742
-38.281  -2.785645  -0.458984
-38.477  -2.786865  -0.507812
-38.672  -2.785645  -0.581055
-38.867  -2.789307  -0.654297
-39.063  -2.789307  -0.725098
-39.258  -2.789307  -0.795898
-39.453  -2.788086  -0.865479
-39.648  -2.786865  -0.935059
-39.844  -2.785645  -1.003418
-40.039  3.106689  -0.987549
-40.234  2.890625  -0.88623
-40.43  2.841797  -0.791016
-40.625  2.82959  -0.698242
-40.82  2.825928  -0.60791
-41.016  2.824707  -0.517578
-41.211  2.828369  -0.428467
-41.406  2.828369  -0.340576
-41.602  2.825928  -0.255127
-41.797  2.824707  -0.169678
-41.992  2.824707  -0.085449
-42.188  2.825928  -0.001221
-42.383  2.824707  0.081787
-42.578  2.824707  0.163574
-42.773  2.824707  0.244141
-42.969  2.824707  0.323486
-43.164  2.824707  0.400391
-43.359  2.825928  0.46875
-43.555  2.825928  0.515137
-43.75  2.825928  0.533447
-43.945  2.825928  0.539551
-44.141  2.825928  0.539551
-44.336  2.825928  0.540771
-44.531  2.824707  0.539551
-44.727  2.822266  0.539551
-44.922  2.825928  0.540771
-45.117  2.827148  0.541992
-45.313  2.825928  0.540771
-45.508  2.825928  0.540771
-45.703  2.825928  0.540771
-45.898  2.825928  0.540771
-46.094  2.827148  0.540771
-46.289  2.825928  0.540771
-46.484  2.825928  0.540771
-46.68  2.824707  0.540771
-46.875  2.824707  0.540771
-47.07  2.823486  0.540771
-47.266  2.824707  0.540771
-47.461  2.825928  0.540771
-47.656  2.827148  0.541992
-47.852  2.82959  0.543213
-48.047  2.82959  0.541992
-48.242  2.827148  0.540771
-48.438  2.825928  0.540771
-48.633  2.825928  0.540771
-48.828  2.827148  0.541992
-49.023  2.827148  0.540771
-49.219  2.828369  0.541992
-49.414  2.824707  0.540771
-49.609  2.824707  0.540771
-49.805  2.825928  0.540771
-50  2.823486  0.540771
-50.195  2.823486  0.540771
-50.391  2.824707  0.540771
-50.586  2.824707  0.540771
-50.781  2.827148  0.540771
-50.977  2.827148  0.541992
-51.172  2.824707  0.540771
-51.367  2.824707  0.540771
-51.563  2.827148  0.541992
-51.758  2.828369  0.541992
-51.953  2.82959  0.541992
-52.148  2.82959  0.541992
-52.344  2.82959  0.541992
-52.539  2.828369  0.541992
-52.734  2.830811  0.541992
-52.93  2.830811  0.541992
-53.125  2.830811  0.541992
-53.32  2.828369  0.541992
-53.516  2.828369  0.541992
-53.711  2.828369  0.541992
-53.906  2.82959  0.540771
-54.102  2.828369  0.541992
-54.297  2.82959  0.541992
-54.492  2.832031  0.541992
-54.688  2.834473  0.543213
-54.883  2.830811  0.541992
-55.078  2.828369  0.541992
-55.273  2.828369  0.541992
-55.469  2.82959  0.541992
-55.664  2.830811  0.541992
-55.859  2.82959  0.541992
-56.055  -2.966309  0.449219
-56.25  -2.825928  0.358887
-56.445  -2.794189  0.274658
-56.641  -2.784424  0.192871
-56.836  -2.783203  0.112305
-57.031  -2.783203  0.032959
-57.227  -2.783203  -0.046387
-57.422  -2.784424  -0.125732
-57.617  -2.786865  -0.203857
-57.813  -2.790527  -0.279541
-58.008  -2.791748  -0.355225
-58.203  -2.789307  -0.404053
-58.398  -2.788086  -0.478516
-58.594  -2.786865  -0.551758
-58.789  -2.789307  -0.625
-58.984  -2.790527  -0.698242
-59.18  -2.789307  -0.767822
-59.375  -2.788086  -0.838623
-59.57  -2.788086  -0.908203
-59.766  -2.785645  -0.976562
-59.961  0.777588  -1.029053
-60.156  2.940674  -0.925293
-60.352  2.852783  -0.827637
-60.547  2.832031  -0.733643
-60.742  2.825928  -0.643311
-60.938  2.824707  -0.552979
-61.133  2.823486  -0.463867
-61.328  2.827148  -0.374756
-61.523  2.825928  -0.289307
-61.719  2.823486  -0.203857
-61.914  2.823486  -0.118408
-62.109  2.822266  -0.0354
-62.305  2.823486  0.048828
-62.5  2.823486  0.131836
-62.695  2.821045  0.212402
-62.891  2.822266  0.291748
-63.086  2.822266  0.369873
-63.281  2.824707  0.444336
-63.477  2.825928  0.499268
-63.672  2.824707  0.528564
-63.867  2.824707  0.537109
-64.063  2.825928  0.539551
-64.258  2.824707  0.539551
-64.453  2.822266  0.539551
-64.648  2.819824  0.539551
-64.844  2.822266  0.539551
-65.039  2.824707  0.540771
-65.234  2.827148  0.541992
-65.43  2.824707  0.540771
-65.625  2.824707  0.540771
-65.82  2.825928  0.540771
-66.016  2.825928  0.540771
-66.211  2.825928  0.540771
-66.406  2.825928  0.540771
-66.602  2.825928  0.540771
-66.797  2.824707  0.540771
-66.992  2.823486  0.540771
-67.188  2.824707  0.540771
-67.383  2.823486  0.540771
-67.578  2.825928  0.540771
-67.773  2.82959  0.541992
-67.969  2.82959  0.541992
-68.164  2.828369  0.541992
-68.359  2.825928  0.540771
-68.555  2.825928  0.540771
-68.75  2.827148  0.540771
-68.945  2.827148  0.541992
-69.141  2.827148  0.540771
-69.336  2.825928  0.541992
-69.531  2.825928  0.540771
-69.727  2.827148  0.540771
-69.922  2.821045  0.539551
-70.117  2.822266  0.539551
-70.313  2.824707  0.540771
-70.508  2.824707  0.540771
-70.703  2.825928  0.540771
-70.898  2.827148  0.541992
-71.094  2.827148  0.540771
-71.289  2.824707  0.540771
-71.484  2.825928  0.540771
-71.68  2.827148  0.541992
-71.875  2.830811  0.541992
-72.07  2.82959  0.541992
-72.266  2.828369  0.541992
-72.461  2.82959  0.541992
-72.656  2.830811  0.541992
-72.852  2.830811  0.541992
-73.047  2.830811  0.543213
-73.242  2.82959  0.541992
-73.438  2.828369  0.541992
-73.633  2.828369  0.541992
-73.828  2.828369  0.541992
-74.023  2.828369  0.540771
-74.219  2.82959  0.541992
-74.414  2.830811  0.541992
-74.609  2.832031  0.543213
-74.805  2.832031  0.543213
-75  2.830811  0.541992
-75.195  2.82959  0.540771
-75.391  2.82959  0.541992
-75.586  2.830811  0.541992
-75.781  2.82959  0.541992
-75.977  -3.111572  0.491943
-76.172  -2.857666  0.391846
-76.367  -2.801514  0.307617
-76.563  -2.785645  0.224609
-76.758  -2.783203  0.144043
-76.953  -2.783203  0.063477
-77.148  -2.783203  -0.015869
-77.344  -2.783203  -0.093994
-77.539  -2.785645  -0.172119
-77.734  -2.789307  -0.250244
-77.93  -2.790527  -0.300293
-78.125  -2.790527  -0.375977
-78.32  -2.785645  -0.449219
-78.516  -2.785645  -0.523682
-78.711  -2.786865  -0.595703
-78.906  -2.789307  -0.668945
-79.102  -2.788086  -0.740967
-79.297  -2.788086  -0.810547
-79.492  -2.786865  -0.880127
-79.688  -2.786865  -0.949707
-79.883  -2.781982  -1.016846
-80.078  3.031006  -0.964355
-80.273  2.873535  -0.865479
-80.469  2.838135  -0.770264
-80.664  2.828369  -0.678711
-80.859  2.824707  -0.588379
-81.055  2.824707  -0.498047
-81.25  2.828369  -0.410156
-81.445  2.827148  -0.322266
-81.641  2.824707  -0.236816
-81.836  2.824707  -0.151367
-82.031  2.825928  -0.067139
-82.227  2.825928  0.01709
-82.422  2.825928  0.100098
-82.617  2.825928  0.181885
-82.813  2.824707  0.26123
-83.008  2.824707  0.340576
-83.203  2.825928  0.41626
-83.398  2.825928  0.480957
-83.594  2.825928  0.52124
-83.789  2.825928  0.535889
-83.984  2.827148  0.539551
-84.18  2.825928  0.540771
-84.375  2.824707  0.540771
-84.57  2.823486  0.539551
-84.766  2.822266  0.540771
-84.961  2.824707  0.540771
-85.156  2.825928  0.541992
-85.352  2.825928  0.540771
-85.547  2.824707  0.540771
-85.742  2.824707  0.540771
-85.938  2.825928  0.541992
-86.133  2.825928  0.541992
-86.328  2.824707  0.540771
-86.523  2.824707  0.541992
-86.719  2.824707  0.540771
-86.914  2.823486  0.540771
-87.109  2.824707  0.540771
-87.305  2.823486  0.539551
-87.5  2.824707  0.541992
-87.695  2.828369  0.541992
-87.891  2.82959  0.543213
-88.086  2.82959  0.541992
-88.281  2.825928  0.541992
-88.477  2.825928  0.540771
-88.672  2.825928  0.540771
-88.867  2.827148  0.541992
-89.063  2.825928  0.541992
-89.258  2.825928  0.541992
-89.453  2.825928  0.540771
-89.648  2.825928  0.540771
-89.844  2.822266  0.540771
-90.039  2.821045  0.539551
-90.234  2.822266  0.540771
-90.43  2.823486  0.540771
-90.625  2.824707  0.541992
-90.82  2.825928  0.541992
-91.016  2.827148  0.541992
-91.211  2.823486  0.540771
-91.406  2.822266  0.540771
-91.602  2.827148  0.541992
-91.797  2.828369  0.541992
-91.992  2.827148  0.543213
-92.188  2.827148  0.541992
-92.383  2.827148  0.541992
-92.578  2.828369  0.541992
-92.773  2.828369  0.541992
-92.969  2.828369  0.541992
-93.164  2.828369  0.541992
-93.359  2.827148  0.541992
-93.555  2.825928  0.541992
-93.75  2.827148  0.541992
-93.945  2.827148  0.541992
-94.141  2.827148  0.541992
-94.336  2.828369  0.541992
-94.531  2.82959  0.543213
-94.727  2.832031  0.543213
-94.922  2.828369  0.541992
-95.117  2.827148  0.541992
-95.313  2.828369  0.541992
-95.508  2.828369  0.541992
-95.703  2.82959  0.543213
-95.898  1.248779  0.53833
-96.094  -2.91626  0.428467
-96.289  -2.813721  0.341797
-96.484  -2.790527  0.257568
-96.68  -2.784424  0.175781
-96.875  -2.783203  0.095215
-97.07  -2.783203  0.014648
-97.266  -2.783203  -0.063477
-97.461  -2.784424  -0.141602
-97.656  -2.785645  -0.194092
-97.852  -2.789307  -0.270996
-98.047  -2.791748  -0.34668
-98.242  -2.788086  -0.421143
-98.438  -2.786865  -0.494385
-98.633  -2.786865  -0.567627
-98.828  -2.788086  -0.640869
-99.023  -2.789307  -0.712891
-99.219  -2.789307  -0.783691
-99.414  -2.786865  -0.853271
-99.609  -2.786865  -0.922852
-99.805  -2.785645  -0.98999
