-1.000000000000000000e+00 -9.887788530273439180e-01 -8.103619834594725901e+00
-9.000000000000000222e-01 -8.870793447265623577e-01 -8.099913884887694593e+00
-8.000000000000000444e-01 -7.910952105712889537e-01 -8.099411802978515595e+00
-6.999999999999999556e-01 -6.914828078002930312e-01 -8.099270239868165078e+00
-5.999999999999999778e-01 -5.939698269653319596e-01 -8.101930736694336943e+00
-5.000000000000000000e-01 -4.964744135131836655e-01 -8.102682374877929306e+00
-3.999999999999999112e-01 -3.992438524169921732e-01 -8.102044143066407855e+00
-2.999999999999999334e-01 -3.006821444091797302e-01 -8.098761587524414551e+00
-1.999999999999999556e-01 -2.041532127014160092e-01 -8.094421759033203045e+00
-9.999999999999997780e-02 -1.053250741473388541e-01 -8.089948637084960481e+00
0.000000000000000000e+00 -1.050128052368164144e-02 -8.085619063720702826e+00
1.000000000000000888e-01 8.889732432373048665e-02 -8.079415077514649823e+00
2.000000000000001776e-01 1.877735542742919872e-01 -8.069411397705080091e+00
3.000000000000000444e-01 2.850753043334960934e-01 -8.061983697509765179e+00
4.000000000000001332e-01 3.827215705566406334e-01 -8.049770473022460848e+00
5.000000000000000000e-01 4.802426623535155925e-01 -8.036344678955078535e+00
6.000000000000000888e-01 5.783941583862305391e-01 -8.018220820922849157e+00
7.000000000000001776e-01 6.755681193237303983e-01 -7.992180795288086337e+00
8.000000000000000444e-01 7.734545875244142055e-01 -7.914331164550782560e+00
9.000000000000001332e-01 8.741674993286130402e-01 8.544348928222655459e+00
1.000000000000000000e+00 9.707368272094727413e-01 8.546546041259766469e+00
