1.000000000000000000e+00 9.711612071533203272e-01 8.548599930419921833e+00
9.000000000000000222e-01 8.734520145263670043e-01 8.544437642822266810e+00
8.000000000000000444e-01 7.775478714599609598e-01 8.543135811767578858e+00
6.999999999999999556e-01 6.784912006225586323e-01 8.541095015258788337e+00
5.999999999999999778e-01 5.817882278442383370e-01 8.538918154907227276e+00
5.000000000000000000e-01 4.832132006835937466e-01 8.537544206542968084e+00
3.999999999999999112e-01 3.852986463012695317e-01 8.534219354248048006e+00
2.999999999999999334e-01 2.886748177185058384e-01 8.532118131713867015e+00
1.999999999999999556e-01 1.909743780548095737e-01 8.530838236083983617e+00
9.999999999999997780e-02 9.290901211730956399e-02 8.528467278442381172e+00
0.000000000000000000e+00 -7.858193074951171433e-03 8.524544937744140682e+00
-1.000000000000000888e-01 -1.015766893438720814e-01 8.523475664672851337e+00
-2.000000000000001776e-01 -2.008463313903808833e-01 8.521608081054687034e+00
-3.000000000000000444e-01 -2.986050053100585688e-01 8.519610399780273013e+00
-4.000000000000001332e-01 -3.966207347412109008e-01 8.517387070312501862e+00
-5.000000000000000000e-01 -4.937349035034180322e-01 8.515508401489258361e+00
-6.000000000000000888e-01 -5.916213380126953414e-01 8.512944901733398240e+00
-7.000000000000001776e-01 -6.901109299926757590e-01 8.509501257934569907e+00
-8.000000000000000444e-01 -7.869051022338866552e-01 8.506995799560547411e+00
-9.000000000000001332e-01 -8.875257879028318753e-01 -8.099652579345702819e+00
-1.000000000000000000e+00 -9.882085869750978357e-01 -8.101733757324218743e+00
