8.000000000000000444e-01 2.456798932495117160e+00 8.595852719116210849e+00
7.600000000000000089e-01 2.334576082763671678e+00 8.593371724853515303e+00
7.200000000000000844e-01 2.210052037353515964e+00 8.590607789306639930e+00
6.800000000000000488e-01 2.087706961059570432e+00 8.588013776245116304e+00
6.400000000000000133e-01 1.963402326660156350e+00 8.585567939453124353e+00
6.000000000000000888e-01 1.840595493164062457e+00 8.583632991943359158e+00
5.600000000000000533e-01 1.716466922607422063e+00 8.580812041015624558e+00
5.200000000000000178e-01 1.593516088256836216e+00 8.577230035400390307e+00
4.800000000000000377e-01 1.469402642822265737e+00 8.574963288574219078e+00
4.400000000000000577e-01 1.346792049743652520e+00 8.572448419189452551e+00
4.000000000000000222e-01 1.223270737731933622e+00 8.569618471679687488e+00
3.600000000000000422e-01 1.100407115478515552e+00 8.566933200683592986e+00
3.200000000000000622e-01 9.778893669433594837e-01 8.564807263183594088e+00
2.800000000000000266e-01 8.532757423706055500e-01 8.562162666015623813e+00
2.399999999999999911e-01 7.292297294921874506e-01 8.559960184936523220e+00
2.000000000000000666e-01 6.055486819458006931e-01 8.557921478881835853e+00
1.600000000000000311e-01 4.835517776489257624e-01 8.555310768432617508e+00
1.199999999999999956e-01 3.590890009661865112e-01 8.552152476196289044e+00
8.000000000000007105e-02 2.362467802789306459e-01 8.550257714233397976e+00
4.000000000000003553e-02 1.138469139660644586e-01 8.548047166748046877e+00
0.000000000000000000e+00 -1.604213821838379114e-02 8.542861290893554838e+00
-3.999999999999992450e-02 -1.336941732354736401e-01 8.542582732543944957e+00
-7.999999999999996003e-02 -2.574023769903564518e-01 8.540202955932617357e+00
-1.199999999999999956e-01 -3.797741180664063187e-01 8.537487117919921431e+00
-1.599999999999999201e-01 -5.037402879638672726e-01 8.535125971679686785e+00
-1.999999999999999556e-01 -6.276780346069334993e-01 8.532901152343750795e+00
-2.399999999999999911e-01 -7.510964367675780906e-01 8.530101995849609153e+00
-2.800000000000000266e-01 -8.735832769775389028e-01 8.528072150268554807e+00
-3.200000000000000622e-01 -9.970390162353516272e-01 8.524304653320312397e+00
-3.599999999999998757e-01 -1.120157330749511848e+00 8.521728503417968170e+00
-3.999999999999999112e-01 -1.243410989196777283e+00 8.520181136474608508e+00
-4.399999999999999467e-01 -1.366700148925781289e+00 8.517991858520508330e+00
-4.799999999999999822e-01 -1.490315986938476334e+00 8.514174355468748345e+00
-5.200000000000000178e-01 -1.613201823120117062e+00 8.512416799926757704e+00
-5.600000000000000533e-01 -1.736431527709960898e+00 8.508502382812499931e+00
-6.000000000000000888e-01 -1.860857854003906020e+00 -8.121061671752929811e+00
-6.399999999999999023e-01 -1.984458236694335742e+00 -8.123550385742188240e+00
-6.799999999999999378e-01 -2.107559626464843738e+00 -8.124743788452148507e+00
-7.199999999999999734e-01 -2.232541433715820478e+00 -8.127538885498047705e+00
-7.600000000000000089e-01 -2.355129694824218856e+00 -8.129671119384767053e+00
-8.000000000000000444e-01 -2.477977883911132828e+00 -8.131216391601563842e+00
